Local Beam Search:  Max Values and Steps, f1 , Step Size 0.01, Beam Size 2
Max Vals Mean = 1.99998142866
Max Vals Std = 1.57452148488e-05
Num of Steps Mean = 284.67
Num of Steps Std = 183.110243023

1.9999835613634214      362
1.9999657296369668      395
1.999957314288558      163
1.999950492573614      255
1.9999545452392478      39
1.9999565353935265      23
1.9999969381486995      529
1.999976887477761      380
1.999951774114242      599
1.9999739353149466      388
1.9999973463633898      424
1.999996852422552      191
1.9999582703871712      147
1.9999965409368508      556
1.9999759671660882      404
1.9999885100726482      245
1.99999441017618      326
1.9999774925757499      289
1.9999848398415292      123
1.9999959173124173      18
1.9999874748082387      547
1.9999918109519537      318
1.9999861880306429      83
1.9999818013879809      245
1.99995991853489      435
1.9999993963254752      576
1.9999529828492522      477
1.9999997905570521      281
1.9999944543471717      577
1.9999917989699036      141
1.9999911717995695      309
1.9999974193024397      167
1.9999963710646993      123
1.9999973823458526      612
1.9999850526694984      148
1.999949753579637      64
1.9999997563427723      365
1.9999843383722857      599
1.9999902781127061      333
1.999968015947313      33
1.9999885465448963      258
1.9999989682451318      587
1.999993507918893      618
1.9999831266104495      610
1.9999491776905751      498
1.9999552137804932      236
1.9999734124975044      129
1.999963051693112      130
1.9999999005043683      167
1.9999535513459068      131
1.9999850908683299      185
1.9999529130704183      214
1.9999915409701217      437
1.9999824368561971      202
1.9999883825935023      235
1.9999968937506445      473
1.9999682214238503      395
1.9999837994487633      192
1.999985771123391      142
1.9999977398694284      59
1.9999899783146877      136
1.99999783986528      41
1.9999922503145562      495
1.9999585587271926      40
1.9999598272993593      61
1.9999936609764966      514
1.9999891991305354      240
1.9999834456849803      62
1.9999966154128104      195
1.999998875844852      105
1.9999848265027365      319
1.9999832242415927      155
1.9999997292616012      202
1.9999494451533129      114
1.9999676446564374      239
1.9999756594794083      615
1.9999963493912674      99
1.9999910971419743      301
1.9999962438967485      597
1.999957946416377      230
1.9999836849332546      604
1.9999916267204512      239
1.9999991137127755      202
1.9999728977502806      53
1.9999942117047196      226
1.9999767800353525      101
1.99999938421078      105
1.999991993189791      139
1.9999965330473009      494
1.9999674281462103      609
1.999983894624156      32
1.999962118515734      47
1.9999885742255445      429
1.999973569664566      174
1.9999581115475304      517
1.9999702660995005      97
1.9999896454263955      502
1.9999931981837042      204
1.9999967269310561      291
1.9999604260667552      455
  

Local Beam Search: Max Values and Steps, f2 , Step Size 0.01, Beam Size 2
Max Vals Mean = 2.99620987643
Max Vals Std = 0.00165756924315
Num of Steps Mean = 687.63
Num of Steps Std = 260.08439611

2.996791649884922      1063
2.9957439928914678      268
2.997054484483794      869
2.9935235796965287      973
2.9965111785794587      665
2.9937011757152523      665
2.994573245060642      330
2.9949353751058543      723
2.998174885017448      745
2.992891435948974      1170
2.9961288098350254      574
2.99674481994219      743
2.995795375872138      274
2.995558760778831      870
2.9967104897993417      544
2.9991221799808807      1145
2.996582341701198      1077
2.997189829369779      786
2.9983401787243853      258
2.9990866894942094      720
2.995738895691      330
2.993158228178019      969
2.993654698623077      504
2.994592788743131      643
2.9959295918215147      1177
2.995261750682017      612
2.995889042475685      271
2.9939025263805865      842
2.9981068590367452      676
2.99299381601592      443
2.9984488799235676      798
2.9982369495854417      801
2.996478519790876      514
2.996721658780739      702
2.995905130994904      1160
2.9949204272840753      838
2.9973047461103315      629
2.9974932411301687      363
2.995134905245604      337
2.9982648621660086      283
2.9948963478833486      916
2.99637426954281      882
2.998568117499929      361
2.9955202002941475      424
2.99722790750246      411
2.995031834458252      373
2.9961525198760617      465
2.996368626674272      427
2.992836437284524      377
2.9967806908290444      750
2.995669718199795      466
2.99608387489518      628
2.9955619385509675      750
2.9975979580095977      866
2.9943520364872667      844
2.9958985603727495      563
2.994396317034414      997
2.994232817807558      852
2.9952021264950934      423
2.9955660375934787      1109
2.996942923470448      970
2.999031411774614      707
2.9976177400021187      669
2.996319659214463      341
2.999016450785563      667
2.9958992621686042      436
2.9967894220705724      912
2.9978472846514226      918
2.9930460255541185      317
2.9945163030979525      965
2.9972642852901767      670
2.9957720032163424      404
2.9934010165354876      407
2.998396840012219      483
2.996887404276291      608
2.9989379715731124      571
2.9973357402296066      513
2.9981629835578647      695
2.9985546201321407      758
2.9962755851153204      915
2.995582027227038      1174
2.9969592769297586      1009
2.99797118797119      725
2.9991091336597218      1195
2.9961757627743286      923
2.9951698317253097      599
2.9953565257561046      752
2.993364970350382      511
2.9969418036632804      353
2.9992933262738477      1197
2.9971342145574074      728
2.9975731053893186      472
2.9948372638547003      715
2.9970113607295303      406
2.995467619522834      555
2.9945268527394804      879
2.994431242363044      500
2.9983337161271963      1070
2.99642838565362      1183
2.9936887693271164      653
-------------------------------------

Local Beam Search:  Max Values and Steps, f1 , Step Size 0.01, Beam Size 4
Max Vals Mean = 1.99998413309
Max Vals Std = 1.35782545281e-05
Num of Steps Mean = 322.9
Num of Steps Std = 191.715700974

1.9999739975592923      595
1.9999553015562377      615
1.9999731819559132      490
1.9999892197728746      219
1.9999977840547123      273
1.999985631984356      126
1.9999990033723165      351
1.9999947010969732      582
1.9999922981062088      549
1.9999795132373226      85
1.9999997321109055      41
1.9999960201311033      155
1.9999951327363186      554
1.9999929068272129      616
1.999966474779447      432
1.999985162785653      134
1.9999986577952122      414
1.9999817849057837      80
1.9999909616960612      593
1.9999955686199824      224
1.999975543725655      510
1.99996765592402      618
1.9999671499584943      108
1.9999968392201941      116
1.9999692217851646      182
1.9999522424801102      342
1.999995666492307      272
1.9999713749554955      358
1.9999784452418181      137
1.9999936241277583      627
1.999997018945937      219
1.9999993579722828      554
1.9999858761222318      598
1.9999972600454883      306
1.99999008636568      268
1.9999872929499862      111
1.9999971772571548      192
1.999985295209183      613
1.9999576873434997      320
1.9999846504873182      278
1.9999958873069317      279
1.9999975533445886      621
1.9999863408368084      156
1.9999690660768135      420
1.9999722680379868      388
1.999997417776151      626
1.999994722785965      40
1.9999947293286975      563
1.9999982383755337      11
1.9999706994339974      210
1.9999721404299784      96
1.9999542842394937      495
1.9999940649779058      86
1.999973765650798      94
1.9999754350485046      554
1.9999826982715114      64
1.9999953256879128      230
1.9999534798184202      515
1.9999997545033037      502
1.9999945861674218      215
1.9999995895952394      621
1.9999676566465914      134
1.9999810608748039      135
1.9999995415510798      196
1.999983569249055      45
1.9999814317652747      597
1.99996499435232      542
1.9999983974783966      149
1.9999988494571672      449
1.9999862232461383      588
1.9999978829171234      385
1.999999362287393      195
1.9999956843498596      137
1.9999545732049642      89
1.999987190622069      625
1.9999565258524812      347
1.999952077550095      138
1.999966222778876      512
1.9999997965054843      572
1.9999836904952297      121
1.9999788287266762      426
1.9999874859660256      128
1.9999886144671344      91
1.9999878183543536      333
1.99999834600249      265
1.9999721456402366      174
1.9999856148234092      106
1.9999823571382631      582
1.999990161037799      301
1.9999704908930571      534
1.999992264984939      247
1.9999621834791688      399
1.9999773256734399      129
1.999972754350361      350
1.9999813420165435      376
1.9999987565911437      154
1.99998377912639      349
1.999995674596264      144
1.999998343487305      196
1.9999897411520768      407
  

Local Beam Search: Max Values and Steps, f2 , Step Size 0.01, Beam Size 4
Max Vals Mean = 2.996564007
Max Vals Std = 0.0015751994408
Num of Steps Mean = 713.49
Num of Steps Std = 269.408704202

2.994177674582458      887
2.995833406053499      632
2.995461478764692      969
2.999557462523793      298
2.99613039980529      451
2.99561811162822      522
2.997071239201099      363
2.9980585115126566      746
2.9937093486244137      500
2.9983349007921025      736
2.9952561494619516      716
2.993839326602459      614
2.9946498411649167      789
2.997183827580569      646
2.997324335627834      485
2.9957765966907104      1183
2.9984790023288097      594
2.9959007064239334      234
2.9955664595192815      861
2.996870281469477      1004
2.9946485830481917      753
2.9936188386780755      413
2.997387387967848      626
2.994795673276438      754
2.995671540213362      747
2.99686622559844      812
2.993237101610228      1144
2.997636777285379      1062
2.9951068350881362      745
2.996063344679505      1134
2.9982363357325603      823
2.996053118671931      694
2.9948584736685566      1055
2.998977981092555      995
2.9962942315284375      758
2.996418724284314      661
2.995062477248248      840
2.996105238817254      1176
2.998197100306368      896
2.998379603455514      611
2.998061229294442      1020
2.9963130261072015      1178
2.9978259315247895      700
2.9946960247454495      246
2.9992191443193903      1155
2.999360310491012      972
2.9936430386170616      311
2.9964134339303925      302
2.998770483339524      1128
2.996859485180619      471
2.9955559175784305      333
2.999579847380577      1076
2.9957855356249414      439
2.996991368294683      1192
2.9979702281754097      756
2.9984275895205026      920
2.9942776338812336      822
2.998407380386725      1093
2.9985574028381716      582
2.994699100267356      1005
2.9985058976653036      898
2.9968506994600697      517
2.9954208960394357      863
2.993483439405728      1037
2.997623003385964      611
2.99717338890006      1114
2.993841564947097      250
2.994743537646481      228
2.9964687841674813      815
2.9983250607397336      470
2.9970330950919855      591
2.996248589875492      281
2.996815126220648      750
2.996184472345629      455
2.9976242608738524      420
2.9955014041860144      783
2.99713401288205      520
2.995395645091315      470
2.996715696607393      668
2.9983260276136114      1011
2.9974880716158188      631
2.9989187787711495      363
2.996705547525802      710
2.994533384994865      481
2.9997935225126895      897
2.995437658355802      683
2.9948534739305197      791
2.9974763255049224      379
2.9976855889206155      380
2.9970412108053504      726
2.996468305878482      243
2.9985748193479598      1065
2.9963536417000016      573
2.9957991447615346      632
2.9969287102882194      1064
2.9976315213652964      725
2.9983020569413457      701
2.99582322281402      367
2.9949757583652756      434
2.996366587946811      1122
-------------------------------------

Local Beam Search:  Max Values and Steps, f1 , Step Size 0.01, Beam Size 8
Max Vals Mean = 1.99998241483
Max Vals Std = 1.54285853596e-05
Num of Steps Mean = 275.01
Num of Steps Std = 183.020681618

1.9999917579044977      150
1.9999577567990015      206
1.9999845209555873      274
1.9999961545212088      584
1.9999671347298222      153
1.9999872982228752      183
1.999987942009209      282
1.99995382717391      443
1.9999922994548156      278
1.999982642853897      540
1.999987096612823      619
1.9999673595446221      52
1.9999978956954263      50
1.9999999754487936      78
1.999980807006704      61
1.9999954024868416      592
1.9999911329323536      624
1.9999720211947927      234
1.9999909762077008      229
1.9999781434284931      294
1.9999500334798115      96
1.9999661549359526      329
1.9999897370078918      246
1.999999095840606      153
1.9999969456903877      65
1.9999824326257873      562
1.9999866163094295      230
1.9999676714182257      239
1.9999891459613948      25
1.9999882200680745      309
1.9999976905188896      147
1.999986151638026      405
1.9999995098013938      221
1.9999848279485333      215
1.9999991113628068      196
1.999973439229377      471
1.9999683358903597      557
1.999969298029017      578
1.9999961737434322      627
1.9999747460218098      123
1.9999678353604644      369
1.999954165719487      48
1.9999657428876838      491
1.9999568742935938      18
1.9999534080206898      219
1.9999501437317457      419
1.9999825858072746      108
1.9999702031218924      151
1.9999971625512358      74
1.9999981057971628      466
1.999999011690364      104
1.9999663529351135      95
1.9999919311063405      611
1.9999976462008187      53
1.9999777995312935      137
1.999953621360654      602
1.9999671405549717      396
1.9999683085777449      597
1.999983195218887      147
1.9999745876587556      580
1.9999928030091851      96
1.9999752930203076      178
1.9999658168847692      81
1.9999691714007195      269
1.9999713289022696      183
1.9999988594014995      121
1.9999904579054726      434
1.99999283587645      404
1.9999968397331345      521
1.999989023679583      285
1.999991628172304      308
1.9999960922806719      65
1.9999612994378704      90
1.9999693008196342      561
1.9999976045793963      207
1.999991275610733      160
1.9999521732708467      178
1.9999891684150044      520
1.9999999918314342      173
1.9999986375363623      94
1.999995607745442      107
1.9999982982025335      430
1.999997562774841      392
1.9999978281584823      99
1.9999976563812307      166
1.9999569281261094      64
1.9999988758248888      455
1.9999990139653456      586
1.999999543782852      310
1.9999951649692076      608
1.9999973432815241      155
1.9999507435186374      114
1.9999961757749283      358
1.9999864656557964      133
1.9999989086815564      113
1.9999750251172144      199
1.9999642264021251      97
1.9999981223544276      336
1.9999542205311347      209
1.9999908647585052      237
  

Local Beam Search: Max Values and Steps, f2 , Step Size 0.01, Beam Size 8
Max Vals Mean = 2.99641857993
Max Vals Std = 0.00159090246889
Num of Steps Mean = 740.17
Num of Steps Std = 251.720005363

2.9979236938404332      548
2.9940109028667576      791
2.9945706336255915      540
2.996774317653008      429
2.996326041917005      690
2.9942396582099784      662
2.996175146674769      646
2.9950755474444914      609
2.9961996803541693      865
2.9949464762878826      616
2.9971249897054135      436
2.9975112876402026      584
2.9983456817875127      451
2.9953737203506376      990
2.994521785030977      1022
2.993979869956495      320
2.9981493177869107      833
2.993907956821074      574
2.9969667893154748      1069
2.9939372978504384      1000
2.997549750368976      458
2.997903177978001      1086
2.9987032946989753      687
2.994057520369616      751
2.9967870575575457      955
2.997716016916236      1178
2.994580107406335      379
2.997460923861224      801
2.9977156550821817      1103
2.9946432195333186      542
2.9970378463555      730
2.9967220306085407      1141
2.9976827823996195      438
2.995596559854156      1071
2.9982486531809527      933
2.997668134497348      907
2.995430466517001      1129
2.9983311170953213      446
2.9966467895852382      992
2.997807535813412      1058
2.9941144404516162      1105
2.9977080726103464      657
2.997491215373769      458
2.994665398568415      536
2.9977265540504465      614
2.9968717672979546      947
2.994664974954894      1150
2.9979953828418275      517
2.996810115464318      759
2.9968058584014425      804
2.993463647925503      504
2.996594763435933      528
2.998735429153407      1181
2.9979910641608702      1103
2.995453482602216      683
2.995637148978402      1069
2.994658958522712      680
2.9940088315256768      605
2.996961374536266      1016
2.9928105836560066      701
2.9944628564339855      919
2.998482162795795      1172
2.9952294823904566      608
2.998080226229206      477
2.9974918185805492      1118
2.9959509455672997      653
2.9979114531237405      514
2.9951686337221597      1052
2.995540570899286      513
2.9939734994998215      447
2.99487531148932      238
2.9955219277971468      425
2.9977459308686543      387
2.9976874249364407      695
2.998733041847861      1013
2.9948987385870494      657
2.999298578502385      324
2.9959541928991134      1023
2.995070240261243      554
2.9975444781606653      955
2.9969806583025917      1168
2.994194816222051      773
2.9979119685841713      525
2.995372895983203      434
2.996124064524143      944
2.9987826615696154      699
2.9979682698401873      713
2.997110074099333      873
2.996663005568009      527
2.996909328698533      788
2.9966067921485147      828
2.997875844099896      736
2.9981557313043856      773
2.9990113885779897      992
2.9973026787423374      541
2.9990477959293838      1004
2.9964051758764665      512
2.9930624701076196      600
2.996682403670157      255
2.994549954914773      511
-------------------------------------

Local Beam Search:  Max Values and Steps, f1 , Step Size 0.01, Beam Size 16
Max Vals Mean = 1.99998166154
Max Vals Std = 1.56654944678e-05
Num of Steps Mean = 260.74
Num of Steps Std = 172.254847247

1.9999871300596466      101
1.9999868746975444      445
1.9999647810300734      299
1.9999907134292645      126
1.9999575793966042      326
1.9999797913890671      82
1.9999889557170463      171
1.9999527304912972      225
1.9999760927718153      97
1.9999962785470649      50
1.999964162347589      155
1.9999528245598006      596
1.999994014830921      241
1.999962631162807      560
1.9999932611936115      84
1.9999929209050336      233
1.9999592932706802      61
1.9999628361605342      235
1.9999861832881214      282
1.9999901810312974      228
1.9999954431672073      305
1.9999962702735332      621
1.9999957267761408      132
1.9999675541770632      286
1.9999984374367115      205
1.9999663373201186      575
1.9999654726999825      193
1.999992136483653      436
1.9999676635932624      149
1.9999997517737411      177
1.999983535893341      547
1.9999997081076892      71
1.9999980116283478      72
1.9999758805975345      428
1.9999475698886924      132
1.999993271521069      104
1.999968367604295      579
1.9999563171883756      188
1.9999555470041248      246
1.9999943214527938      429
1.9999987334576934      619
1.9999834296879206      51
1.999994278443439      53
1.9999975462117852      247
1.9999926347343857      96
1.9999582277905583      542
1.9999656318964536      621
1.999996869135821      134
1.9999723825415476      435
1.999983158874937      492
1.999992633350967      544
1.9999606036271635      398
1.9999858544196865      445
1.999993896321637      91
1.9999764428077627      137
1.9999986166326027      108
1.9999538646407147      287
1.9999858090191176      97
1.9999758188587407      108
1.9999973850397417      575
1.999998850626889      492
1.9999906716825806      126
1.9999728275982025      110
1.9999985292543445      51
1.9999814178100523      308
1.9999950606569323      98
1.9999996739187063      142
1.9999856151137503      257
1.9999836661309003      391
1.9999981826821691      109
1.999992647853352      287
1.9999708216247427      364
1.9999768222431449      356
1.9999999679564646      248
1.9999694292668653      467
1.9999844595147533      200
1.9999626709054965      236
1.999997921584323      310
1.9999732955802192      542
1.9999544453472438      146
1.9999764251515018      10
1.9999987427394366      175
1.9999998118445528      125
1.9999555764396741      124
1.9999696217267195      583
1.999954725883497      273
1.999997521584443      110
1.9999990970052313      19
1.9999744839066196      395
1.9999941336785545      318
1.9999850308879648      127
1.999992685782483      103
1.9999921977313049      209
1.9999855013959342      314
1.9999989093422954      259
1.9999851350241424      80
1.9999993602254476      589
1.999947967740181      159
1.9999547497829715      160
1.9999971203400055      150
  

Local Beam Search: Max Values and Steps, f2 , Step Size 0.01, Beam Size 16
Max Vals Mean = 2.99624250874
Max Vals Std = 0.0015880752523
Num of Steps Mean = 670.48
Num of Steps Std = 264.889995281

2.9943214892100363      1108
2.9965407454424993      626
2.9976235893749132      455
2.9960820568143625      713
2.99435505981156      581
2.9985568261351174      777
2.993849116252945      325
2.9952755641688964      625
2.99742529823185      966
2.9953472866229953      578
2.999106175519298      624
2.9970986651983846      794
2.9981057450202506      794
2.9972182314294464      249
2.9981153569147887      841
2.995471827386293      1110
2.9995001690249854      244
2.9947968298700003      543
2.9966772514511897      544
2.995200332994986      838
2.9985916695802355      295
2.9983004288484345      243
2.9973876096051226      739
2.9952105147416193      492
2.9940280669559254      771
2.9971326396003612      851
2.998494018406544      1027
2.99442969793997      1163
2.996452864284388      461
2.996058594264968      1093
2.9980405575492837      1168
2.9961394369931655      258
2.997257163052406      219
2.9970706174515254      266
2.998790239127935      721
2.9977946770261212      1067
2.9991557670442113      472
2.9957370353764485      612
2.9973311308697044      541
2.99558814069629      277
2.9937004266265714      463
2.9975094402851505      1029
2.9942023262464943      543
2.993486251487152      662
2.99484198785563      565
2.998338751634662      488
2.9978791177267614      635
2.9939961232083827      688
2.9950900914054435      316
2.9977938209943567      266
2.9970177638288638      928
2.994565808564457      1063
2.9975436383632035      419
2.998128107835999      787
2.9964621607637376      384
2.9967211239529226      706
2.9987495511891535      712
2.995755014310949      613
2.9952006245826213      507
2.9951236237008922      944
2.9943626585642473      858
2.9935984107078353      753
2.9977044827686      515
2.9943497333123616      281
2.9966498485706565      507
2.9954581884651135      619
2.9945406675772466      1105
2.99882375423939      685
2.9943737803540524      443
2.995448016118469      286
2.9991075738212203      838
2.995518682303312      964
2.9977453969581704      709
2.996336530262262      1021
2.9968181864958705      495
2.997534672550154      1067
2.996414581410783      938
2.9933801473342703      776
2.996340019446762      951
2.9974938456214044      919
2.996590556542004      449
2.9973164308789597      532
2.9932481874936685      907
2.996110939721196      618
2.996104911771912      381
2.9941140012741037      869
2.9944984464972917      822
2.99547504186976      791
2.9948709276507093      863
2.9952327008751887      1111
2.9947952318686695      764
2.9963815407545553      889
2.9957743172304285      1005
2.9974299919126652      243
2.994205805647629      450
2.993585227777313      1068
2.99703571218057      398
2.9953592225082226      232
2.99644003454066      726
2.9959182269190423      411
-------------------------------------

-------------------------------------
-------------------------------------


Local Beam Search:  Max Values and Steps, f1 , Step Size 0.05, Beam Size 2
Max Vals Mean = 1.99948618734
Max Vals Std = 0.000395496793867
Num of Steps Mean = 57.61
Num of Steps Std = 36.2079811644

1.9995644058706246      117
1.9993545788173275      26
1.9999641397022163      65
1.9987612310505292      105
1.998867718802444      54
1.9998020513646613      94
1.9995728842033258      54
1.999253339425806      16
1.999319467951472      56
1.9995434668893313      44
1.9995675638892267      106
1.9990572197022973      46
1.9995573996430522      39
1.9990315299367059      13
1.9995095748099034      25
1.9999810513725609      113
1.9999896355577214      24
1.9992859480410612      56
1.9993595461256142      31
1.9988316532099648      61
1.999570263870515      90
1.9997151697591802      38
1.9999364162113231      106
1.99915262370207      30
1.9997344611614363      48
1.9992356633317563      38
1.9998282121070212      22
1.9998949722153938      36
1.9992985721019152      14
1.9994580064471956      26
1.9987331667393529      121
1.9997321600363929      17
1.999845568750617      42
1.9988963299412126      60
1.9990367768616313      24
1.9988925252803846      31
1.9998872979031972      30
1.9989876243599278      102
1.999702970533439      54
1.9999942490404004      114
1.998977441539774      118
1.9999854286415721      14
1.9998244700206964      41
1.9995551581979067      98
1.9998715523732744      15
1.9989080890817885      20
1.999809681856159      120
1.999094557808832      51
1.9999956012899593      104
1.9999853037332396      30
1.9999881578249157      108
1.9998109690436243      88
1.9993842320850173      31
1.99995388652903      40
1.9994685474877234      36
1.9994417328715999      61
1.999369786200718      8
1.9993864004562525      117
1.9998125447048585      15
1.9999243848447477      37
1.9993337839146559      112
1.9992006152412158      54
1.9996216053154061      14
1.9990008768733731      31
1.9989608985665255      9
1.9997391166412233      47
1.999944387402914      40
1.9993405524195063      75
1.9996826757096904      81
1.9989018478624652      23
1.9999797792667653      21
1.9997117133350466      86
1.999341688440964      45
1.9993085835192947      50
1.999876714369154      116
1.998974689091857      53
1.9989457047508141      123
1.9998635046538937      11
1.9997630535958564      10
1.999923716344755      110
1.998742829547071      53
1.9988697050165953      36
1.9999972393501637      104
1.99996427209126      58
1.999472052160597      87
1.9990715878375567      54
1.999108467016189      51
1.9989290955171177      9
1.9992531325946867      97
1.9999674093142756      117
1.9999159892080152      4
1.9995447233946675      47
1.9998216931177446      61
1.9998709691544176      25
1.9998555022593179      76
1.9998083614985793      46
1.9990094483232088      117
1.9990483911737702      122
1.9999280215787802      122
1.9987689727843594      24
  

Local Beam Search: Max Values and Steps, f2 , Step Size 0.05, Beam Size 2
Max Vals Mean = 2.98265694621
Max Vals Std = 0.00838575571076
Num of Steps Mean = 145.31
Num of Steps Std = 48.7654990747

2.998155775482756      211
2.9826108518691106      83
2.999355661790042      223
2.9820267731756047      231
2.987649755860577      126
2.9977465722336776      184
2.979717861806363      217
2.989245427371321      150
2.9786611953646878      117
2.987553029153087      71
2.9690019823272666      100
2.9912149788609153      168
2.9823715723061746      152
2.9742347392961266      173
2.983079686833236      151
2.995333004151093      90
2.99801224380268      54
2.986718994779922      126
2.9745204263218916      124
2.978182520356417      209
2.9833893829328164      192
2.9895716771667797      167
2.9737097746335777      203
2.968842161744941      223
2.9857804230697744      74
2.9725558955412867      193
2.9772381260719825      85
2.984747626329157      52
2.9927297889596027      160
2.975169461584546      99
2.9961177732163575      171
2.9921896829320724      164
2.9953435723437245      123
2.9699284982935996      108
2.9663823203224244      228
2.992818472209529      143
2.9898119561118595      86
2.982015550112156      133
2.9864817729418096      185
2.972281909366747      88
2.9848395241769192      92
2.987762242000501      138
2.9860830359989703      85
2.9924033751016763      172
2.9819581301103533      187
2.975753851529335      154
2.968393805739935      81
2.9869855244446724      150
2.9816997607742186      153
2.988067413930752      126
2.975103025968168      198
2.9888472019664367      116
2.9777963034384096      172
2.981960478640798      132
2.979472234628904      65
2.984696031527424      108
2.980995177131886      191
2.982071411062946      221
2.9827227566048813      196
2.9742592721489323      192
2.980418274148361      194
2.986209089757441      170
2.9800592819732685      183
2.964127195136192      224
2.987634206664055      65
2.962989481353719      165
2.9875203054264814      225
2.9866325951380084      203
2.991303082678263      39
2.9862339912468903      142
2.9850694685662904      92
2.9703813470172404      145
2.999517925209121      105
2.9879985584925226      121
2.9747946737038284      129
2.973514647299978      137
2.9749535941665775      217
2.9922743583391966      69
2.980246834455528      76
2.9888300669382577      192
2.9928946347346543      200
2.9932170086707823      126
2.9769332830804016      156
2.973391021021157      137
2.9780790398635304      95
2.9799163149651284      124
2.9742809673402535      224
2.9857080839531305      115
2.9901800931945424      124
2.9887094431339594      225
2.9709101602885237      121
2.977747679409246      83
2.9824931925393177      159
2.98656519196376      175
2.9868512555650732      138
2.9706943524749905      94
2.9792548776299426      173
2.9646907099407347      115
2.9854446717812038      136
2.9826542258159314      152
-------------------------------------

Local Beam Search:  Max Values and Steps, f1 , Step Size 0.05, Beam Size 4
Max Vals Mean = 1.9995268762
Max Vals Std = 0.000371548728199
Num of Steps Mean = 54.83
Num of Steps Std = 36.6887053465

1.9999119479765772      57
1.9990716647844753      58
1.9999278954856456      113
1.9989116515878016      58
1.9999009320892505      14
1.999893645402722      40
1.9998776289406077      17
1.9999868719129723      49
1.99893403182595      10
1.9997455604668222      58
1.9999403697499392      39
1.999074825990206      51
1.999612807730511      122
1.9999898702653134      18
1.9997686621899369      55
1.9988363036267636      113
1.9998804675730564      25
1.999902253859963      92
1.9998912905879354      84
1.9994369118184077      60
1.9999886403416152      11
1.9993958307209152      27
1.999612606924103      25
1.9996018880212167      43
1.9997865867179052      50
1.9991175462333461      26
1.9999332573100514      106
1.9989509855828593      18
1.9990515510941655      20
1.9993166368594806      83
1.9988818329331752      119
1.9998384660738502      114
1.9995758042981262      103
1.9991355264453636      3
1.9987631040317186      8
1.9999032958340737      84
1.9996681858714616      25
1.998817650112902      30
1.999718758619165      110
1.99973728203275      60
1.9992968478991306      76
1.9988650149337976      54
1.9999084599606933      2
1.999957542438139      18
1.999240161942643      64
1.9999250231487373      36
1.9999889250134062      98
1.9996012036381485      112
1.9997646247388934      85
1.9993979850968637      36
1.9998415921347488      48
1.9998258047941042      123
1.9998507393946763      80
1.9991182270089165      25
1.9997568821387701      31
1.9995190944695411      98
1.9994215032798666      48
1.999359002065084      51
1.9991987643021867      32
1.999970770579303      49
1.9998012047728033      46
1.9996621828312158      95
1.999117364664875      73
1.9993369928280387      16
1.999481899826499      30
1.999280414650917      10
1.9992528508404117      106
1.99962114311577      94
1.9999222095463467      52
1.9999243709092256      94
1.9991864300255022      12
1.9994145041860212      7
1.9992323920399584      23
1.999957369461672      121
1.9993542005134604      105
1.999139396859369      50
1.9997609674547592      23
1.9999390682780318      12
1.9998589315768052      120
1.999951540042114      44
1.999549493945528      26
1.9997076235486562      12
1.9993825284294635      102
1.9992299888021265      115
1.9994977391208866      21
1.9999460104145834      114
1.9988245222876366      45
1.9999364000162243      13
1.9994540136941295      91
1.9989534226250707      5
1.999617564980603      20
1.9997688499141946      25
1.9997651750591614      30
1.9989683942700396      36
1.999726704870323      28
1.999044280014158      115
1.9989205744654805      28
1.9989021282500654      24
1.9999611096927414      102
1.9992364624211005      34
  

Local Beam Search: Max Values and Steps, f2 , Step Size 0.05, Beam Size 4
Max Vals Mean = 2.98147716083
Max Vals Std = 0.00823060242949
Num of Steps Mean = 147.13
Num of Steps Std = 50.9281169886

2.9810125987951728      88
2.984260231722843      181
2.9664717828421217      191
2.9827273791217985      128
2.9785546473412836      209
2.974108069517015      124
2.990948012006289      78
2.981918958410703      131
2.983380742152635      108
2.9789536869616637      90
2.9907738202592857      106
2.973353921849131      160
2.9747636382150047      139
2.975710305110028      60
2.9955970135551273      149
2.9863719431285833      145
2.9860233377055314      229
2.9915447539191784      190
2.999187291798067      175
2.9715196106315327      130
2.9796769032675754      214
2.9877633841017985      99
2.9937713593494015      198
2.9677529084071015      110
2.9832670736930558      158
2.986151615096013      223
2.9786434942260533      193
2.9711827780759013      167
2.990524196375791      110
2.976669391359507      164
2.9751523922565544      76
2.9752398047897173      169
2.9843564494775174      158
2.995387020813061      149
2.9898536904854884      84
2.9769209355353596      190
2.986224201791981      160
2.985490137617956      236
2.9787104859082865      179
2.98627581171361      148
2.976695753727612      152
2.9674128544277085      115
2.979433889094778      82
2.979966557300997      197
2.9900183477284283      202
2.9828205789867788      122
2.9912489742706083      122
2.9925774702194143      100
2.98062459488723      206
2.9864747021512033      105
2.9898472759280854      196
2.9934041075854734      189
2.9676300268365448      139
2.981667052890194      157
2.9815784584950973      69
2.98583568727992      100
2.9788195187748414      117
2.98297434590362      212
2.9763408921363403      162
2.9894959882486187      233
2.9656128218326954      66
2.981776935306934      106
2.9885452402030355      215
2.976045450018645      193
2.9796076196204635      61
2.9677350321318405      191
2.9855017333107323      217
2.9776276120071588      161
2.973054689286761      199
2.9655141544612533      211
2.988086034811915      144
2.9893097098109003      43
2.980833761650785      83
2.981796977722309      234
2.9781260469354134      208
2.994976244562227      63
2.9674342205373962      225
2.9687378743313584      65
2.977563521019074      188
2.996782966757039      220
2.9776783434378515      131
2.977930826370193      178
2.9880275503976508      138
2.9743531489547035      149
2.991493418606173      182
2.9830929580070027      120
2.9789646194550925      155
2.970548597748644      115
2.9883734339611796      107
2.9660876946996      74
2.9946823053623177      70
2.978875675924382      128
2.9718567781093093      221
2.9749239791950783      157
2.9688020838041873      165
2.978418826485063      134
2.9899300458418745      199
2.996409429270951      64
2.985622669285543      106
2.975912195481439      54
-------------------------------------

Local Beam Search:  Max Values and Steps, f1 , Step Size 0.05, Beam Size 8
Max Vals Mean = 1.99954096969
Max Vals Std = 0.000357030161109
Num of Steps Mean = 51.29
Num of Steps Std = 35.7693430188

1.9991645816639747      101
1.9996751110518054      19
1.999606302907028      45
1.9999906533237255      29
1.9999342234541686      51
1.9999764239782332      29
1.999532013472992      31
1.9999327286017534      119
1.9998941893663618      97
1.9999486544597467      120
1.9997011096281816      93
1.9998842688916145      19
1.999247067513129      86
1.9993591285452732      92
1.9998457640107712      84
1.9997445824833604      19
1.999779053867492      115
1.9993398524453014      5
1.998818379371608      37
1.9989513438619104      20
1.9999362232142417      34
1.9996749779237866      33
1.9998572739322467      36
1.9991978815760025      86
1.9997666161475802      69
1.999405486803636      108
1.9999557703516988      42
1.9999793886792656      18
1.999286265013239      37
1.9999098523974528      29
1.99978560074805      28
1.9990401472341754      124
1.9992111062264368      29
1.999785052499156      20
1.9999126940735146      29
1.999385689437461      50
1.9995671391096792      27
1.9999625625257775      13
1.999627692322408      34
1.9998770915517818      123
1.9999078009403362      122
1.9989572216379377      33
1.999946533940931      19
1.9997913661631253      25
1.9998696059191534      26
1.999787706886299      103
1.9996314077845687      24
1.9996323968623924      35
1.9999894236086904      30
1.9996907629786853      3
1.9999298844792452      43
1.9994488625952251      92
1.99953281222699      26
1.9988753107440722      27
1.9997230057611666      41
1.999937673592148      4
1.9995444418914807      54
1.9999250159833126      21
1.998960191176258      24
1.9989424635144752      28
1.9995359392591134      117
1.9993054221299305      52
1.9999451671820712      10
1.9987941639646427      89
1.9995217445569025      33
1.9996477451800394      54
1.9996436063323055      58
1.999603677845605      29
1.999124314816084      39
1.998761926495587      37
1.9996600825921456      18
1.9990331806038961      104
1.9989528716245242      122
1.9997140391221642      16
1.9996120711723755      49
1.999762391375111      83
1.999028982040946      43
1.999642087161568      24
1.9999028055324968      32
1.999162962172449      55
1.9997475367457072      122
1.9998150937944836      23
1.9987945809563952      121
1.9998798580370805      11
1.9993277646426082      61
1.9992166323606364      35
1.9989128810338241      112
1.998807957338076      25
1.9995622444170027      116
1.9994100253715237      24
1.999757460514866      58
1.999494571403622      62
1.999901065284141      15
1.99905247269818      4
1.9993894072916008      111
1.9997948819152964      33
1.999059256442087      31
1.9994961250060987      43
1.99953777596208      28
1.9993103633162872      70
  

Local Beam Search: Max Values and Steps, f2 , Step Size 0.05, Beam Size 8
Max Vals Mean = 2.98039161544
Max Vals Std = 0.00884214409727
Num of Steps Mean = 140.91
Num of Steps Std = 46.5811324465

2.9886722586866723      130
2.988175065018892      58
2.9781087135930866      177
2.970890528870599      173
2.9839530357157544      125
2.9836942090347716      58
2.9881864638488183      178
2.9750798541119807      149
2.9872359464718063      106
2.9719212718385837      225
2.993713408368711      237
2.979844744078818      153
2.9730076071562097      128
2.968632749332224      115
2.971428144712728      102
2.9637980931516283      47
2.9787798812845394      117
2.993865721450499      160
2.9771729568466183      232
2.991675005674199      184
2.9903146573586046      145
2.9765685578722314      116
2.9962348308582945      106
2.9907195110423377      59
2.9737735479341314      210
2.97597973334309      92
2.9858727712795643      144
2.9692868708325717      127
2.9783763047431018      110
2.9712592303209235      112
2.9707986669692437      52
2.9687306553115276      205
2.99105573900524      116
2.9719464574326935      101
2.9697426199609804      207
2.9804013925462827      179
2.9925308130318613      108
2.974373657634436      166
2.975606122129893      118
2.99787797174928      194
2.987949402706768      53
2.978329850893263      199
2.96899694979724      79
2.9893186279168247      121
2.992453925206679      191
2.9785118988911456      196
2.967513353707243      107
2.9743078809626677      150
2.987396514097648      114
2.9776630558735078      161
2.976525622797351      87
2.9956093737224965      150
2.973647549738362      142
2.97544449453997      98
2.9712254309750623      106
2.9893190642392957      89
2.9787283851756094      108
2.9809610244915272      41
2.9815419315007987      113
2.9724127406071386      210
2.974930046107702      222
2.966030008325562      137
2.965173020051182      164
2.9815287755484587      236
2.976930042395129      160
2.975839536859576      91
2.9849383313686193      202
2.98093938968131      175
2.9688564825852266      119
2.980171991416561      214
2.977151720891878      95
2.9747774106345766      136
2.9809630505813938      118
2.9892610469145797      204
2.9810392839574464      175
2.984893058241341      117
2.971669489372441      162
2.992093541149641      145
2.965380180287477      163
2.9753421195776433      208
2.989271697499216      154
2.993858732025088      203
2.996132431849543      163
2.9944260430411394      174
2.9940959686218815      163
2.9693280201681445      100
2.9647390348209375      152
2.992015443887446      142
2.9829271334287664      150
2.9890336389587806      94
2.988210090863976      170
2.966860697534735      132
2.980609318296691      72
2.9747793892055885      79
2.990085031349161      108
2.983003360149123      105
2.9812276157020694      154
2.9781237598527004      161
2.9925232379013553      174
2.982859524294472      162
-------------------------------------

Local Beam Search:  Max Values and Steps, f1 , Step Size 0.05, Beam Size 16
Max Vals Mean = 1.99954697665
Max Vals Std = 0.000389009297266
Num of Steps Mean = 60.18
Num of Steps Std = 34.9426329861

1.9987752208825023      62
1.9999654820373562      115
1.9995254636304645      102
1.9993275554952632      62
1.9998541520326656      38
1.9995685385334898      121
1.9997093081353339      84
1.9998740945368296      12
1.9992853646987534      14
1.999342280841677      96
1.9998836863548448      52
1.9993871657454663      32
1.999768961291204      23
1.9999841735701243      98
1.9988727310171956      93
1.9998042853492184      40
1.999655479484987      24
1.9990736591509086      101
1.998868366544444      49
1.9999423732389368      25
1.9998859551124843      68
1.999378356073099      71
1.9996965205233586      49
1.9995800579514342      31
1.9990443067674752      119
1.9997319339972455      43
1.999932776198159      28
1.9993442689835543      117
1.9989780685106289      74
1.9998906111685995      29
1.9997905681602277      27
1.9992899218351297      3
1.9999337075371488      94
1.9997156731439287      55
1.9989782669776357      27
1.9990022890592956      73
1.9988861105042426      21
1.9998946543673193      6
1.9991992977621136      110
1.999319473297572      15
1.999377869349638      46
1.99935808286441      38
1.9999178119545693      24
1.9999245522830607      44
1.9996786116415486      58
1.9999696537107452      45
1.9999824448210788      20
1.9999556725509648      29
1.9988457741215253      118
1.9990182963578387      62
1.9987891300825473      67
1.9995001715586476      55
1.998907766490189      67
1.9999517142470613      80
1.9999806982863197      22
1.99915096339018      88
1.999306566166412      60
1.9999958019296202      67
1.9993047903446504      117
1.9995839961862627      24
1.9992480974931204      88
1.9994097541551978      120
1.999167820956666      98
1.9998951446203614      59
1.9992994820806702      38
1.9999264683772644      59
1.9999929950465365      19
1.9997583291034782      56
1.9999271368640135      93
1.999891330690997      60
1.9997257440896652      23
1.9996195572113777      36
1.9998995566560231      63
1.9999587859711594      55
1.9993978828674637      33
1.999988086696427      45
1.999955007424286      114
1.9988823463429128      1
1.9994182431775012      14
1.9992906203502296      94
1.9998847687094576      24
1.9990520700093328      92
1.9999067494470153      44
1.9999642866908682      13
1.9998059104857058      20
1.9993444253012935      51
1.9992388227668372      123
1.9999192722056933      122
1.9999685081018401      106
1.9999953557424242      24
1.999880818010451      115
1.9999823382161486      46
1.9989545259905872      45
1.9993177686221382      111
1.9988274760516762      41
1.9996459514438603      118
1.9992851268699732      28
1.9999931095124701      122
1.9987305013613503      95
1.9999059604368499      76
  

Local Beam Search: Max Values and Steps, f2 , Step Size 0.05, Beam Size 16
Max Vals Mean = 2.9808583117
Max Vals Std = 0.00848292483817
Num of Steps Mean = 148.09
Num of Steps Std = 50.9909982252

2.9725646451910026      198
2.9823232550043297      119
2.9752271586453745      116
2.9665962543814866      101
2.9839887396195337      211
2.984497390747839      66
2.988364516619678      152
2.9666512560978235      115
2.9739940015426423      191
2.9687817098492095      119
2.9795212144404486      125
2.9846990516218597      222
2.975591110678965      239
2.972485284814848      139
2.995802504028621      113
2.987989745945789      180
2.9918493403495554      98
2.9875870101573114      156
2.965366122507974      143
2.9894246401670683      218
2.9796319563138316      184
2.9806569928242306      159
2.9719671860944272      227
2.98852275912086      214
2.9969238874352753      148
2.9991066773338115      196
2.9933251450004352      137
2.9762848823988053      236
2.9781571654598804      140
2.979616939530175      86
2.9896146001525152      127
2.9902305410173344      203
2.984779011563997      181
2.9671759309392285      178
2.964059565725331      138
2.973924571296972      150
2.9826723446367653      186
2.9945099945453837      142
2.982983843249249      87
2.986675318196344      180
2.9871060318932057      179
2.984270773251722      107
2.9889685551799134      69
2.9778123815941333      137
2.9772257031134246      77
2.9797467438141276      169
2.9911853029587365      169
2.9832347290047516      101
2.975053895820924      42
2.9702967109366454      78
2.9783648080005447      40
2.987686092819982      94
2.9728058020719095      166
2.981443093947349      71
2.976502881359788      108
2.984451680484356      223
2.9887690669040534      97
2.9762059887263788      148
2.9754754738314837      99
2.9889560952305203      85
2.9854763302606617      78
2.966257510404464      105
2.98445882664513      201
2.9728415092758524      80
2.9907347495808128      195
2.9875976225958447      211
2.968775142506251      220
2.9645494279896942      68
2.982590852806044      205
2.9664088226493566      151
2.9777420302763242      231
2.9863649275023167      138
2.9764470146561517      81
2.986682971329121      204
2.9822644122956743      127
2.9893710352582046      191
2.972131447911047      182
2.973793312376947      128
2.9760618705530124      154
2.9714060215172706      82
2.97081162573815      111
2.9751057962015253      111
2.981607573567791      141
2.993167066652135      180
2.9698569249714355      135
2.978665201364207      214
2.992842593417408      226
2.9816173165993582      205
2.983174972411467      203
2.9775159127780575      194
2.994319314603437      75
2.9865275877983035      143
2.993351905421842      161
2.9775328847429137      233
2.9846143532568297      188
2.973640450182284      80
2.979993099042301      193
2.9673280354705325      188
2.985090684846009      115
2.9974259567223522      102
-------------------------------------

-------------------------------------
-------------------------------------


Local Beam Search:  Max Values and Steps, f1 , Step Size 0.1, Beam Size 2
Max Vals Mean = 1.99808443
Max Vals Std = 0.00147463028023
Num of Steps Mean = 27.13
Num of Steps Std = 17.3906037848

1.9987562938562573      42
1.9989404874741736      3
1.9968518081208564      23
1.9991637000865077      19
1.9994887756221669      60
1.9998721786375087      42
1.9976523708537859      38
1.996120927931726      7
1.99589429186716      12
1.9966488674685348      9
1.9989975838261582      33
1.9957042042955404      29
1.999948378701276      14
1.99986275926029      47
1.9980352090678561      8
1.999936498314021      15
1.9953262493979316      56
1.9951113695739127      11
1.9972614808205003      30
1.9994662847198361      8
1.9997416238129124      4
1.99783086945737      18
1.9981768202837145      8
1.999778853587555      41
1.9954755862179328      34
1.9998483710265544      15
1.9990474946246608      58
1.9994438616822663      52
1.998870519419453      61
1.9985148296195612      27
1.9952750047489296      54
1.9979510513345655      28
1.9979668950851874      9
1.9988231308432205      14
1.9981716343782874      24
1.9980127601892264      18
1.9993478444136386      24
1.9958348227192124      32
1.9988653589969463      9
1.996784764335376      40
1.9982068831446118      56
1.9990561207503683      35
1.9996588466708656      3
1.9996792735008133      28
1.9999107248678134      31
1.9967942017757259      15
1.9997117839507452      18
1.9954765359187339      58
1.9959789961334051      8
1.99785019996868      17
1.9954240324901251      34
1.9998476340704237      50
1.9990429836698436      18
1.9960977350570503      43
1.9997397474897294      55
1.9999975207543739      27
1.9983418617060815      44
1.9968935366691833      28
1.9971746372807306      55
1.9971465136467086      15
1.9983185579703826      54
1.9990247505373893      8
1.998633064147597      14
1.9960840200392336      30
1.9982448354572777      11
1.9983604448024992      7
1.9966215197870274      61
1.9963499732951717      15
1.9958992905269797      9
1.999508574419415      29
1.9997463102566106      56
1.9997380505115427      29
1.9966791772064703      61
1.9961853287040376      46
1.9997478463714964      14
1.9976182028249565      11
1.996458622762693      61
1.997726566986997      21
1.9990365516050626      9
1.9980888696476593      17
1.9951198999031825      31
1.9985340755851615      13
1.9984688588148862      11
1.999839280195691      46
1.997226090035921      13
1.9976795341554516      30
1.9999396930166196      35
1.9956482052055398      9
1.9985247098219137      7
1.9988616071174803      13
1.9993959744813383      10
1.99950678450341      35
1.9989359590411464      5
1.998483454958497      20
1.996589503093958      24
1.9965540883218371      12
1.9996966760191528      23
1.9972441987682386      26
1.9995720650433966      60
1.9997201981932369      13
  

Local Beam Search: Max Values and Steps, f2 , Step Size 0.1, Beam Size 2
Max Vals Mean = 2.96327722484
Max Vals Std = 0.0178003407722
Num of Steps Mean = 73.32
Num of Steps Std = 25.1300139276

2.937435967295822      109
2.9304698854487654      65
2.962776271389265      50
2.981577451388956      23
2.977030051980853      112
2.9487231797078564      60
2.9400658253685306      94
2.956205508606665      87
2.9840673524622616      39
2.9449988479014686      42
2.970522888047678      74
2.9759363080010774      102
2.9761364913582993      66
2.970548029142553      92
2.984981109630046      42
2.976806459812554      106
2.9812910081650816      40
2.958180507625194      68
2.94349999919283      92
2.944808163646993      66
2.933655096644196      70
2.9327102273719636      52
2.949860769451369      115
2.962234240548234      78
2.9454988722876276      64
2.92639394383023      76
2.964779414787272      58
2.9677522272284524      65
2.9822175618688127      114
2.9573533453202208      31
2.982899072546238      86
2.990636865798079      71
2.9743533460568026      79
2.9522990547058963      64
2.958769603261844      51
2.9708423838149267      54
2.9921170932904237      27
2.9941292168604354      72
2.97209021848145      84
2.9682785203433193      76
2.9726608087053314      93
2.9579041835993105      114
2.947957344678229      23
2.94379499027324      43
2.9890807179557553      77
2.977654988584064      63
2.981156744485628      64
2.978963746167108      63
2.966466464105242      106
2.958940224530875      55
2.9290918358900515      63
2.962094683730316      76
2.967554801219109      68
2.9819770033614064      115
2.9449246480174884      111
2.996477169297168      41
2.9796752940903075      102
2.9888294578515566      76
2.94625053878837      62
2.9710508157723825      112
2.9659492874225313      54
2.98545980161357      35
2.9645439344465245      64
2.9849258142784523      50
2.982404559831987      112
2.957842359370679      81
2.977629716128661      76
2.9824171724403556      62
2.9849720091723375      118
2.959206475176746      87
2.9856719412018657      46
2.955279425288346      90
2.9422155247017727      104
2.936807854598564      109
2.9516461608634605      65
2.987383377535979      58
2.983893234892404      107
2.9698718590535083      90
2.958313864117377      74
2.940717275293135      54
2.9565971996405653      118
2.9301361072357874      92
2.9552778938822466      81
2.975870382665074      61
2.942127417877151      35
2.9433657074497845      95
2.9899764579465082      60
2.9454727006674553      88
2.9510749331140813      38
2.9660151788014444      28
2.9544067912327177      114
2.960416981565192      54
2.951169443212727      57
2.9405822163808284      79
2.9569466983997685      96
2.936861946545735      52
2.940905043446979      115
2.9781036642328913      41
2.9771923914995257      78
2.950632838541213      71
-------------------------------------

Local Beam Search:  Max Values and Steps, f1 , Step Size 0.1, Beam Size 4
Max Vals Mean = 1.99828278403
Max Vals Std = 0.00141373553798
Num of Steps Mean = 24.82
Num of Steps Std = 15.6265031277

1.9961226716378904      35
1.9979890487088459      38
1.9987990254123504      43
1.9974931378858318      53
1.9970463608744458      32
1.995331173184927      17
1.9970306513440415      6
1.9974088363973355      59
1.9986576681363948      9
1.999964166754792      38
1.9985474254420708      7
1.9969937060942695      21
1.9959396424897264      26
1.9956763340974626      32
1.9997476744408114      8
1.9972160068418587      30
1.9965874124144536      13
1.996765473509368      15
1.9978739882394225      30
1.997114205078446      10
1.9952661514086838      11
1.9989940241640385      15
1.9978072761541763      12
1.9992986002190265      15
1.9963306200080417      27
1.9999617558735778      50
1.997948106531839      39
1.9999309883732346      17
1.9994790037376404      20
1.99697539080098      26
1.9988014050438356      14
1.9992971103671129      1
1.998054235664874      30
1.9996147635335038      17
1.99897018007124      8
1.9997359902223355      23
1.9983889884062658      53
1.9997486414828423      10
1.9987750193186957      24
1.9950304526286828      57
1.9979256030933576      11
1.9991148374160181      60
1.9986626202367246      21
1.999683933841804      19
1.9997664050975072      22
1.9995978457660444      24
1.9984603580232307      20
1.997513042729695      31
1.9996126544452335      11
1.9998106398551463      27
1.9974601852349565      14
1.9996096341779985      38
1.9967187980363497      14
1.9991634571057921      50
1.9974640807329134      23
1.9983706095411191      11
1.9956253689367247      56
1.9975035723005683      56
1.995283611348027      43
1.9967240589099253      52
1.9980250334865228      10
1.9998458119298173      26
1.99954670516921      19
1.9996805791358458      44
1.9992042067297313      12
1.9996895316646701      62
1.995744174019307      13
1.9996434798241807      12
1.9962409522353965      6
1.9986592592339965      7
1.999784309661139      50
1.999496127565845      13
1.996604726700972      10
1.9997805310331938      10
1.999701650573132      28
1.9984940034069836      44
1.9991819984364858      23
1.9977665254130517      25
1.9982683185016779      19
1.9996828176840156      9
1.999769402415759      6
1.9995417977512797      14
1.9989621643336402      11
1.9993332969801094      48
1.9998363877514476      31
1.998763400028115      12
1.9958098802071422      14
1.9991250924199115      29
1.9976515381947533      14
1.9970031169016553      8
1.9994989297232495      19
1.9995853722957886      11
1.9993203316882573      43
1.995778062618205      26
1.9992659702819866      16
1.9957694799235284      9
1.999193500786795      9
1.9998320534647804      46
1.9997169600908187      30
1.9986962932498007      50
  

Local Beam Search: Max Values and Steps, f2 , Step Size 0.1, Beam Size 4
Max Vals Mean = 2.96127241279
Max Vals Std = 0.0161935081956
Num of Steps Mean = 70.4
Num of Steps Std = 22.9307653601

2.9641709593022454      112
2.94067573494259      41
2.9596569983092746      54
2.9743627535673336      57
2.9386580615877675      77
2.9729055018785826      78
2.9427880433306566      58
2.9895222178913285      67
2.94330287693831      53
2.963283250326546      29
2.96471233839802      46
2.987356897489124      29
2.9946827616016862      93
2.938872743779884      111
2.9761916053457167      70
2.969689268348966      94
2.95309758014705      114
2.9782645103887213      90
2.940258156162633      73
2.9630561833769407      74
2.956334180227017      71
2.9578375368388676      67
2.981583427696371      111
2.9399528128746772      76
2.9568375193311054      33
2.9712137279884794      36
2.941745640793509      77
2.9717497592006      31
2.987507552546903      76
2.988940410313656      71
2.94275954903223      41
2.9494424918044695      45
2.9780090659277594      66
2.9373454353883015      70
2.950911327048997      108
2.9763695916427335      61
2.964852347052456      96
2.981232157187228      71
2.989657383033143      82
2.9563076210678596      115
2.968410531422828      82
2.9413778061968507      36
2.9891919524992403      111
2.9568830942871323      67
2.957617896936689      60
2.9568674299401767      96
2.9433031560179472      62
2.952627499553121      114
2.9749081839774316      36
2.9496318125761354      77
2.9605124817319886      44
2.963280172711886      79
2.9522356940899512      87
2.9620918626648725      68
2.9829676475131306      91
2.945252651188753      54
2.9791107330161184      70
2.9820760248887836      46
2.9736440018420844      77
2.9591434591575676      53
2.953317872004686      52
2.9568896740960597      87
2.9375342761823204      81
2.9827945805324263      69
2.9508633063890595      73
2.9557747466698037      83
2.9322379226689543      66
2.9855716656961016      90
2.9494710435897193      35
2.96714476028825      39
2.9688454555892143      66
2.9641249720077654      48
2.9664786355540245      113
2.9679188426870207      52
2.9422090416887667      77
2.9686304087757343      113
2.9430367444059904      58
2.972782273943351      81
2.93290056152221      76
2.9324466577311474      51
2.9655780915007117      78
2.9472802841004335      68
2.978632330974639      99
2.9653542157912702      77
2.9480962019420063      64
2.9334682152208007      54
2.9879709444222344      45
2.952655226841975      89
2.9754659373392744      34
2.9549538954096555      55
2.946037942174915      85
2.976511746314805      44
2.9709985458812787      64
2.944756206250329      93
2.9308228746222267      74
2.974411223144344      35
2.9672773804962365      105
2.9812776024319465      67
2.9545254071872353      53
2.952961492750034      113
-------------------------------------

Local Beam Search:  Max Values and Steps, f1 , Step Size 0.1, Beam Size 8
Max Vals Mean = 1.99820116339
Max Vals Std = 0.00152933911895
Num of Steps Mean = 25.71
Num of Steps Std = 16.4415905557

1.999718838304102      9
1.9975939585654356      12
1.997282510403232      31
1.9999577490094806      48
1.9993840500788296      26
1.9971527065726145      53
1.9984827653263955      40
1.9954759844942367      58
1.998261007892179      11
1.996047631557579      15
1.9956118958211002      41
1.9983815668292166      39
1.999644200074075      24
1.9987505149880875      55
1.9996309318130439      46
1.9999438549688442      22
1.9959865572440023      5
1.9950422422863505      37
1.9997093664761907      19
1.998316534499459      27
1.999581173753314      17
1.9952946873267887      28
1.9990074941609492      2
1.9997114480598714      38
1.999727557958888      27
1.9974351932573868      28
1.9956361365736182      60
1.9951065140417623      29
1.9979086266989445      17
1.9957758421619793      37
1.9978708643416891      24
1.9966642855238281      15
1.9995461359036568      11
1.9990587736400984      31
1.9991507408164777      31
1.9993889731293306      40
1.9964785026173102      8
1.9958885726216116      38
1.999604598007459      1
1.9956050529869187      21
1.9981052532499985      21
1.9972764313917062      7
1.9999001763507085      28
1.9982126634569721      7
1.9985070459835546      16
1.998818399270374      5
1.9997004414241022      9
1.9999983899124723      46
1.9996770216370297      28
1.9996489449412174      8
1.9960626210217525      39
1.999705256934687      39
1.9997771985890531      19
1.9999146560856969      3
1.9997847666463822      19
1.996216829663494      18
1.9960856962849733      53
1.998541052962067      24
1.999738023091337      3
1.997916486755978      8
1.9997992296377047      19
1.9974634828489184      11
1.998007940657836      28
1.9999065454924647      6
1.9996669701416068      7
1.9998013358830429      18
1.9978882725232814      25
1.999943189864843      55
1.9981365037313896      13
1.995659157735235      9
1.9977535654326999      59
1.9967444653080004      43
1.9999619506095971      13
1.9997790712909849      17
1.998044727116726      12
1.9961564875626099      43
1.999736541132778      12
1.9974239933455933      29
1.997227604778157      57
1.999709904821922      57
1.9959258761027157      11
1.9969781161725628      8
1.999203268431142      33
1.998163124273526      4
1.9997667307384441      29
1.9957460752981402      10
1.9972428509797957      58
1.9999253125120182      11
1.9952785393637456      32
1.9996011217566498      27
1.9998482411454792      60
1.9977386305555522      22
1.99853123752585      37
1.998351814091171      11
1.9993143953774029      19
1.9969300251217783      7
1.998435289437189      14
1.9999555600805121      43
1.9974670248274804      23
1.9984987692802074      58
  

Local Beam Search: Max Values and Steps, f2 , Step Size 0.1, Beam Size 8
Max Vals Mean = 2.96314745844
Max Vals Std = 0.0157336556405
Num of Steps Mean = 74.26
Num of Steps Std = 26.86768319

2.9668815307025818      64
2.961686285092688      64
2.930826191423663      25
2.9846568755539447      35
2.9680292678745603      19
2.948367981283056      74
2.960916170757732      105
2.9985230141215444      31
2.9372669524837205      58
2.9878177968447925      85
2.9450691854590514      114
2.946508998754633      88
2.94583643239537      75
2.9577618742541096      90
2.941349108836691      72
2.9954600692490256      23
2.9839806960501662      71
2.9503253028019896      78
2.960772758777266      106
2.9576977138676694      54
2.962269299085408      112
2.9555886568633016      104
2.966016559528901      104
2.976789060201316      53
2.9526311644261263      39
2.99345304740494      77
2.960121117140068      89
2.977390266630474      79
2.956148998404608      99
2.9499525106196613      66
2.9512019512083056      58
2.94014805958431      53
2.950836657123844      81
2.989362664881967      68
2.9678344815959026      74
2.9653740479099264      27
2.9668193772976936      56
2.992527355489208      22
2.9698049161821163      112
2.970101563697299      54
2.962490281679281      116
2.9800696970573766      117
2.980376903786933      114
2.967513138104883      66
2.9474024262187424      99
2.9427231309122543      107
2.9726244336653656      89
2.9545896833319545      107
2.9724280282462625      113
2.97565230992771      105
2.9294100115911252      28
2.948190787241345      76
2.96704992793731      95
2.9623385288559696      35
2.973687404870449      98
2.9515852809597116      107
2.957322888867722      96
2.965838739174912      78
2.984055704368167      63
2.9494850611798253      68
2.9693609180970646      79
2.9423335036965392      84
2.9381164085405076      86
2.9436494142703618      51
2.9383027519674605      68
2.964414073755081      59
2.9517059422304683      101
2.9621973838152913      91
2.9658745790420733      70
2.962696918414853      40
2.9808416562969584      81
2.968730540851049      33
2.9741545970894068      31
2.943762506490958      58
2.97301533719774      76
2.970012515088586      82
2.943444946243817      68
2.9768433214384697      90
2.971077285765712      94
2.968093124790935      110
2.989205424183654      96
2.9692789153255075      98
2.950022570883012      41
2.9601047160620686      21
2.9850190045351717      108
2.9403648827554045      87
2.982241528657397      78
2.9726031349114237      60
2.968032951262411      66
2.952945862231539      58
2.9763023518555287      71
2.957324661877786      20
2.942696232279964      76
2.994051970154946      113
2.972235919906246      115
2.9598328689381526      81
2.989547074966345      25
2.9478405263541796      84
2.9582673215238144      61
2.949259870004558      80
-------------------------------------

Local Beam Search:  Max Values and Steps, f1 , Step Size 0.1, Beam Size 16
Max Vals Mean = 1.99810182185
Max Vals Std = 0.00144072845932
Num of Steps Mean = 28.4
Num of Steps Std = 17.7414768269

1.9968345448659264      10
1.997654453339047      55
1.9949595783505432      22
1.9951003932210711      59
1.9991585359249955      28
1.998692044225781      2
1.9961955907972573      53
1.9970370660412193      14
1.999862908004268      27
1.9976302305334448      44
1.9998978176168876      21
1.9986406555150902      5
1.9998412343213197      36
1.9987805740938227      58
1.9959290953630011      28
1.998947682500451      61
1.9955969461353527      14
1.9969010752041314      9
1.9969026506349072      7
1.9991231890591399      18
1.9979667281397828      55
1.998492028818016      42
1.9981427647526737      28
1.9990828206332978      20
1.9989062523946797      57
1.9991249520691041      6
1.9951418663299494      38
1.9953972415686227      13
1.9988909432296347      12
1.9979451632330323      54
1.9995118798183982      23
1.997918124571434      56
1.9994616035770525      25
1.9959736105755277      25
1.999843260567268      25
1.9986984316282337      50
1.999748232800393      30
1.9997555025617122      59
1.9997312204923228      8
1.9963498966533462      57
1.998631881831166      27
1.9972070769430417      35
1.9957106003498373      42
1.9983554360106      42
1.9954062673892419      12
1.997472224395853      50
1.9955455995347529      48
1.9998731248856503      2
1.9972137265523933      19
1.997641263403904      16
1.9998734937924212      2
1.999843158207983      21
1.998900111246146      46
1.9996941206316268      9
1.9982768669406397      20
1.9982599012420532      28
1.9987075509465946      52
1.999183546277593      59
1.995992065862937      13
1.997975510317362      24
1.9968938155258136      60
1.9999650947077487      25
1.9949216830045713      14
1.9975093397376242      11
1.998226566388129      12
1.999576945137313      38
1.9990971462529008      7
1.9957561908447514      7
1.9967410617332808      14
1.9991767732141583      55
1.9969136817481483      26
1.9989131523640058      18
1.9990315994193906      40
1.9986291021730627      19
1.9991300652580057      4
1.9984057258302648      3
1.9991749125489928      13
1.9997540046919728      32
1.999477908736755      8
1.998945047466047      23
1.9974079961226403      52
1.9973789095483667      43
1.9987730203468896      9
1.9992526011385823      10
1.9955755518174048      17
1.9974390023865034      38
1.995521533656201      16
1.9996755228835237      42
1.9983533145250134      47
1.9975729309801284      44
1.9980309934728764      29
1.999666688935059      12
1.9971618085641996      35
1.999895016662315      20
1.999556460282226      8
1.9967859341925365      48
1.9990064188932934      52
1.9990301886879855      18
1.9988229073783272      6
1.9995032508611337      44
  

Local Beam Search: Max Values and Steps, f2 , Step Size 0.1, Beam Size 16
Max Vals Mean = 2.96262286125
Max Vals Std = 0.0162717204802
Num of Steps Mean = 69.73
Num of Steps Std = 27.3122152159

2.972659277971245      54
2.9432001864557087      85
2.9705480338556756      31
2.947946742447526      118
2.969099122504586      64
2.978386802375546      99
2.9724915230035407      27
2.974806069657712      39
2.9448489116797822      50
2.9448673641385126      68
2.9550726192036536      69
2.9512127913261708      65
2.9468763724828158      116
2.967802359820669      108
2.97553015512689      35
2.9910880568060403      50
2.975224392085666      50
2.939009640764758      61
2.9564976367201448      117
2.978793827158103      96
2.953428520820463      27
2.9699952826227585      96
2.9637598108177308      57
2.991843340768669      72
2.993992183664956      103
2.9563932381250826      27
2.9491102702972674      117
2.973023860968974      53
2.972348729413159      78
2.9274967165257375      47
2.970178263601097      62
2.9703402625975825      46
2.960933392447582      51
2.9840534978088233      37
2.935436297666158      66
2.9458330041886427      34
2.955826432239432      32
2.989962915070178      77
2.978559580090865      61
2.9361621101059248      72
2.987379273153373      39
2.947082360422569      100
2.969211446719918      85
2.939248833861377      79
2.9411119575337903      67
2.977019389717661      113
2.9535750938534293      86
2.9511882770789786      107
2.950025817027312      86
2.9599551921671092      104
2.956404441611153      36
2.9667653410873003      102
2.954349625284517      49
2.951982145774975      60
2.9810059482716835      88
2.9367841700936084      84
2.935784810793252      75
2.9705089659951556      43
2.9736349114258345      58
2.963831572849758      42
2.997813645322071      101
2.97922513178902      43
2.9482937397257767      80
2.935135920912545      21
2.9737928053956084      69
2.9550226351535964      67
2.9901946146714904      36
2.968509225463545      58
2.968820700877136      31
2.958328864389996      30
2.9459927034038156      105
2.9504055320130753      29
2.9670738199801687      114
2.977239428206073      50
2.9724577973254367      68
2.995534151466547      94
2.9348957307489663      34
2.977851460804075      61
2.94757017507493      95
2.9853616328054216      116
2.9548510395384064      90
2.967574921767979      91
2.9417948416416255      96
2.965304482983417      50
2.955331358847732      29
2.9693148838202394      75
2.9506102592590193      57
2.9355972649886066      33
2.949483471168691      83
2.961893760846663      87
2.9497432347670274      107
2.9900759270240047      68
2.97589354959323      110
2.9698681210393603      84
2.9720196810173123      112
2.9691041902989843      94
2.964819812234648      60
2.9673420389671117      79
2.974364954295994      41
2.946289445087474      105
-------------------------------------

-------------------------------------
-------------------------------------


Local Beam Search:  Max Values and Steps, f1 , Step Size 0.2, Beam Size 2
Max Vals Mean = 1.99288802624
Max Vals Std = 0.00563294191436
Num of Steps Mean = 11.82
Num of Steps Std = 8.50691483442

1.98359393084815      7
1.9829685279787488      23
1.984680988591205      5
1.9908619042010456      10
1.997313233414844      14
1.9998784439819899      2
1.9999519447962557      8
1.994906294615922      7
1.9943381292389006      3
1.9894330625428336      10
1.9809463313561697      7
1.9899709909628727      12
1.988549997999605      4
1.9951615740470183      8
1.9878423113478871      7
1.986120623958798      4
1.9815378465224383      29
1.9979390182888306      5
1.9890967703480447      5
1.9821025219719561      12
1.9834195455281423      21
1.9903336315258886      8
1.981790761815485      29
1.9914856212431786      21
1.9965209637213759      30
1.9996725701365543      5
1.9979835649623365      11
1.9996117232527006      27
1.9938624470185662      6
1.9951799449629206      15
1.999802736090567      21
1.9919409955477043      2
1.9975820434580176      7
1.9908000617902761      26
1.997874677927316      29
1.9801394128115237      4
1.9872399714044229      24
1.9941070253939217      7
1.9968108566864178      6
1.9869135012110242      9
1.9974929215017085      8
1.9979359847777896      5
1.993180876489257      5
1.9956951658051438      7
1.9949445815047588      0
1.9973884312533587      18
1.9989365199080575      6
1.9934332025513357      12
1.9968276580019375      25
1.9992342676200345      21
1.998430315234076      1
1.9985368592480968      4
1.9948598963373039      4
1.983154046925236      6
1.9990611476041837      30
1.996760572922236      4
1.9908251467026825      3
1.990043662511987      22
1.9909304555541365      30
1.9815114228692525      4
1.9855473174292566      18
1.9970328668838158      8
1.9892981260319598      17
1.9892451750828277      16
1.9952786458109488      29
1.9980355634608182      6
1.9924949054089733      6
1.9929483033208362      10
1.9987435587882831      10
1.9965597352384967      9
1.9991318646555372      18
1.9903685445699266      6
1.9887445499769072      5
1.9996493870616496      7
1.9955115990251802      6
1.9903568848633528      9
1.991090188893449      3
1.9902418632349863      6
1.9967727057257432      7
1.990726550439887      15
1.9988414380631414      28
1.9997350375424499      15
1.9997457173950814      23
1.9992482214524352      4
1.9997091759401329      0
1.9967227728385426      21
1.9964988352441648      13
1.996994079737753      13
1.9979328834183767      7
1.982839956007069      10
1.9914502789077428      11
1.991971970164645      3
1.9826650816998213      29
1.9850864215352346      23
1.9990652257676615      25
1.996626869893059      12
1.9986770035601784      11
1.9880120694724623      3
1.9901839723205625      7
1.989567638658332      8
  

Local Beam Search: Max Values and Steps, f2 , Step Size 0.2, Beam Size 2
Max Vals Mean = 2.92273028057
Max Vals Std = 0.0313331788961
Num of Steps Mean = 37.96
Num of Steps Std = 12.5394736732

2.9242553227808687      39
2.8708001009033253      18
2.9171707648956726      27
2.929299212510169      54
2.9100268524088237      47
2.9129504513291327      27
2.9010894697757665      36
2.8868649763399272      38
2.9132551621775633      52
2.9667487100201146      27
2.9703351034412453      15
2.9266886297399592      40
2.9925748969082453      45
2.954224648065485      29
2.8954412762572805      37
2.917745892179167      56
2.933440535758275      39
2.893870389001007      55
2.875791071803027      49
2.9571666474309053      42
2.993565159250788      35
2.9158910072095585      37
2.8635878590544896      21
2.91869481692693      49
2.9793352291049446      24
2.9159530086988426      22
2.902241542743108      35
2.956311940972518      58
2.926776325110845      39
2.8968435845473586      27
2.9224428038839627      31
2.880407022316705      54
2.9097488280779267      48
2.9106016242472816      46
2.874970859999458      38
2.9738918337693683      56
2.879187220109954      55
2.9531406380325613      59
2.9561826652474057      25
2.899079863262748      38
2.8724064381917023      36
2.9343348488986747      30
2.9481646753007986      48
2.8919012077510864      47
2.8954011557657333      48
2.9206884037854692      33
2.875431099753507      39
2.9210218822439176      39
2.920391392826339      36
2.920794835870958      39
2.92286667423365      40
2.9522347919524137      25
2.925045869611351      27
2.949896575743863      27
2.88372915813578      52
2.994248919676907      24
2.8991250822435672      56
2.948942750236823      45
2.945163215055772      9
2.9177934867850253      45
2.936015474579487      39
2.919296296460132      43
2.9564113937141405      13
2.9454470092417013      55
2.868128852652325      48
2.915108005550437      56
2.9165010194185537      26
2.871530963286372      33
2.9154396415133585      40
2.932235076489092      31
2.9497100911311938      37
2.874945285488204      54
2.9152832290097477      25
2.9550876631821055      43
2.92943952853123      52
2.9099734445130077      53
2.9289723432926316      40
2.8944186106073686      28
2.938713954066949      21
2.939574144851964      24
2.8904338155844114      11
2.9805720383431087      25
2.9594062913947283      21
2.973868851456514      22
2.9109174008990126      29
2.947334452002897      55
2.8734432760324657      44
2.9253365469056396      57
2.8940414106175587      39
2.910828169823351      59
2.887337363385133      24
2.931500176443466      57
2.909700200746651      18
2.8979416894459433      34
2.9077579678734446      35
2.920972259680493      16
2.9606825017610365      40
2.9794102413820696      46
2.9700996574264886      53
2.9110353074034405      36
-------------------------------------

Local Beam Search:  Max Values and Steps, f1 , Step Size 0.2, Beam Size 4
Max Vals Mean = 1.99251125792
Max Vals Std = 0.00626215216371
Num of Steps Mean = 14.55
Num of Steps Std = 8.87848523116

1.9980343961584512      4
1.9825931539701735      10
1.9936186686830408      3
1.9978091482566511      5
1.999975374264321      17
1.9997783666291995      22
1.9950607484158391      2
1.9973529244382342      4
1.9997913201723456      30
1.9951099715219052      21
1.9915701399672976      3
1.9948728040895043      6
1.99827920453099      27
1.9994903767264596      10
1.9827744848019737      28
1.995741629795948      24
1.9979108060015953      23
1.9989700008502935      24
1.9817026440868175      30
1.999341151203492      16
1.9991155311527655      4
1.9837286315704503      30
1.9813514617307395      24
1.9956106336953168      28
1.9890621936163402      27
1.9969907880893265      5
1.9865647808588234      11
1.9880348919914694      13
1.9846512987301628      8
1.983100980805205      27
1.9947026658247031      8
1.9887719291825736      14
1.9927705664542619      14
1.9995572462072198      14
1.9982455233918477      2
1.9974776054089847      6
1.982530787162236      11
1.9979078029251771      4
1.9990364325167351      14
1.993250912172221      3
1.9985628074029953      21
1.9958340039960432      4
1.9990130954829453      6
1.9937246992913424      18
1.9987351318721336      19
1.980036693704571      27
1.995537534743155      8
1.9881319661507373      27
1.9808689063413807      5
1.9991686006175566      13
1.9982537144919095      22
1.9928387884547059      12
1.9937621071454679      9
1.9997172668524872      15
1.9999006985462597      4
1.9946284920418558      8
1.9930093719436337      4
1.9986194903282248      9
1.981447878522338      19
1.9960435883957948      22
1.999373617458551      8
1.982037522828211      30
1.9859399333607342      29
1.9835954699744307      6
1.9953076252059585      3
1.9934428181844583      11
1.9801344219150385      5
1.9957211737710727      3
1.986606519405142      19
1.9994403166325525      28
1.999109955368139      16
1.9796648513719246      18
1.995611715964614      20
1.9968017658204618      20
1.995117265068465      2
1.9995642522094497      17
1.9946000304596616      13
1.9835984144229815      25
1.9961274820322      9
1.9819084890577967      9
1.986805023950362      13
1.9908563288921717      11
1.9913953032323457      11
1.988437367317168      30
1.9951176101123123      28
1.9980909326073202      6
1.984478711805553      27
1.992370192729507      4
1.999162347100354      27
1.9936446870822506      18
1.9937850083434756      12
1.9964732550937665      21
1.9916982612206433      16
1.9840826441667156      14
1.9896371969483047      20
1.9830008351114083      15
1.9828203019159458      5
1.9941609481284996      5
1.992283051589209      29
1.989047329504114      4
  

Local Beam Search: Max Values and Steps, f2 , Step Size 0.2, Beam Size 4
Max Vals Mean = 2.92315053211
Max Vals Std = 0.0316198050879
Num of Steps Mean = 33.01
Num of Steps Std = 13.8719104668

2.9405180095970493      43
2.9439366526226554      20
2.899162450091613      44
2.9328066331099705      14
2.9074803349830995      47
2.92393842368521      25
2.9615263182644362      25
2.9128120816197893      38
2.8827538352541606      13
2.9330915376321967      41
2.963832762104354      31
2.933601065813522      20
2.875610797517773      56
2.952493259235241      39
2.9246426735961517      30
2.8989980302283658      41
2.875407022196825      27
2.975035173101757      10
2.892282989685441      57
2.9624246826518004      50
2.876609333006361      30
2.925559080946875      38
2.933095829475854      38
2.960625028314449      18
2.9503669946764104      30
2.9607777898248147      20
2.954104899291888      53
2.920219383365801      26
2.9507706888272853      15
2.9343085684776726      36
2.972993514462882      43
2.923140494942904      13
2.9566898309929535      27
2.8871117993140674      17
2.9110345815086154      35
2.934049331981959      14
2.935009477476104      36
2.8849383551291417      36
2.918220136389662      52
2.9599847888475947      47
2.8940934856520806      29
2.9538717728378323      13
2.9333349131521316      32
2.9442811383311946      50
2.951254016537144      38
2.9727521932258125      43
2.8561975675183984      50
2.935293637185295      34
2.8971556705330603      29
2.8976750496067973      18
2.919378055085399      20
2.9641244230645487      49
2.9280104152285347      49
2.8911769874080075      22
2.9670679668890294      45
2.9432641126155357      51
2.893889920352992      33
2.9062207082640317      55
2.9503073011476335      50
2.8876805515684447      17
2.9336053058217155      28
2.945509038020212      34
2.8952764828359845      56
2.8824344556257344      51
2.9099467514076536      41
2.9576215632984026      13
2.8849906176574494      13
2.876241536983368      32
2.89763051875294      23
2.9455462679043327      41
2.952093421063399      24
2.8548855753681712      35
2.951659018401572      10
2.9318774543586965      57
2.896751304709433      57
2.9810497507629137      56
2.923177193577422      27
2.968271774880074      11
2.9230083856885747      17
2.8713343591396603      20
2.935318601403732      32
2.9549926644803675      51
2.9374297957927786      40
2.938283752073747      20
2.8851390511320534      13
2.875349190134388      18
2.9626490937270242      32
2.952799592214401      51
2.9048416156172348      33
2.896808062828132      35
2.9581056589983943      37
2.866632268298696      24
2.9187694868747447      49
2.8826733309550887      13
2.8706323479784484      33
2.860836977981183      44
2.905785035433249      14
2.9256544415828634      19
2.9373793730603266      19
2.9330675681838843      56
-------------------------------------

Local Beam Search:  Max Values and Steps, f1 , Step Size 0.2, Beam Size 8
Max Vals Mean = 1.9928498072
Max Vals Std = 0.00630452789005
Num of Steps Mean = 14.21
Num of Steps Std = 9.79009193011

1.992689939781167      9
1.9993638639301554      5
1.9907268016228659      28
1.9991025236833155      24
1.9912759781901683      4
1.9949712742717471      9
1.9982853620614565      4
1.9958492749660466      12
1.9999884275657465      7
1.9969710363747906      13
1.9898324592703964      3
1.9996315232598159      4
1.9890659453770096      27
1.9994070271166413      6
1.9983934923412965      21
1.9831329262294184      28
1.9867265665608569      18
1.9992912604172233      13
1.9939441299308802      29
1.9988069848544825      9
1.9802948053216298      21
1.995072545052858      26
1.998584550254046      15
1.9935408152800236      28
1.9948184880025916      11
1.9880420223194732      12
1.9996561609208308      17
1.9981679586200274      25
1.9812408578950196      6
1.979552591738298      17
1.9994292299549572      29
1.9981565323694386      30
1.9828626280964017      29
1.9845095829826174      6
1.986469611212014      17
1.993997735018155      3
1.9831297582094929      30
1.994194088339436      29
1.9985241289485405      30
1.9821058974968877      1
1.9985873118786674      5
1.998792806439658      1
1.9924913094574748      6
1.9913706915698295      27
1.9817610865525732      29
1.9812238868104224      26
1.9983692176308987      25
1.984020252392151      21
1.9822344556158265      2
1.9973263114296795      26
1.9873637602942609      25
1.9968691760413235      30
1.9862139872448106      3
1.9793642366002544      20
1.9859717416366647      1
1.98760570382169      14
1.988337279547918      5
1.9997437596888523      2
1.9973816717798312      30
1.9994727448065222      2
1.983111100493684      1
1.9978365491982588      4
1.9984220531016135      21
1.9923190493895775      12
1.9832495826830627      11
1.9992038973257746      24
1.9893489854333186      2
1.9981610248357913      3
1.9959258289860555      2
1.9944351521813684      1
1.9982113211724482      18
1.9999322312028602      29
1.9969174739531332      13
1.996458776475553      5
1.98917035460429      6
1.9884318034649646      24
1.999228370460129      11
1.9819015318316135      30
1.993406969900649      6
1.9933643911824421      15
1.9860262667973727      6
1.9989417669629566      4
1.9916506736314352      12
1.9972567202854783      9
1.995261138745612      8
1.9989504537006182      15
1.9968769748919706      13
1.999949875591731      10
1.9899471343544755      27
1.993069059024743      12
1.987460414070561      9
1.999638066669218      14
1.9935092448055607      3
1.9986167499820098      20
1.9970485778748284      13
1.9941402436992235      23
1.9983590471503043      3
1.9991508440638774      5
1.9959032632761713      2
1.9798795799446305      20
  

Local Beam Search: Max Values and Steps, f2 , Step Size 0.2, Beam Size 8
Max Vals Mean = 2.92829976828
Max Vals Std = 0.0305826203576
Num of Steps Mean = 37.51
Num of Steps Std = 12.4735680541

2.9655103797392797      52
2.9396858142017477      58
2.8964458803540802      19
2.956515676902847      42
2.9678918458169776      38
2.9411345562842546      38
2.971058562481881      45
2.970982053211824      27
2.910684886359928      22
2.905045141108804      52
2.9542674731987404      58
2.946764877907424      38
2.9696752105802346      46
2.889474983183253      50
2.9379035931282464      50
2.90906135360715      31
2.9426257559618367      30
2.8743127470235716      53
2.9509119885971824      49
2.929407434950136      15
2.9186250776480422      57
2.916804864164551      19
2.8736581772120875      50
2.9244878649809944      54
2.9438936147626746      45
2.9262169172576193      52
2.9545304093928273      40
2.948882307037134      33
2.9196382214145826      9
2.9612990807704263      45
2.868972046395366      20
2.9422305939965683      41
2.9698414921080074      26
2.8602153929735996      53
2.933087998696302      39
2.922783551833609      50
2.9536787667176547      47
2.8845774174190417      30
2.966546323522733      40
2.9535290485383756      53
2.895116010134384      56
2.909243808928828      29
2.9724873859648495      47
2.936657385066418      55
2.9036993034609524      53
2.9315156185924747      37
2.9563596196241857      48
2.9025552816091835      29
2.904627960183725      18
2.9483272726085366      33
2.8749056494419367      34
2.922945780805517      35
2.904958604649324      45
2.9725418070982084      53
2.9014428527503715      25
2.930849970502549      34
2.9237622737222146      32
2.893315922663649      22
2.9499655485378775      50
2.948912417393152      37
2.899001930140625      42
2.9211416384788964      18
2.9362392453995474      21
2.8784201167286567      25
2.9435948349574415      50
2.954062505027016      28
2.9184460960480236      48
2.9598938926860257      40
2.9164467798870706      27
2.884170587541363      27
2.9040733270850967      30
2.9106121107349896      44
2.9401092690738473      30
2.8780060426631127      23
2.9949182147997586      46
2.8932985061150793      10
2.9767810770504335      30
2.891164968207328      14
2.9601657482976176      23
2.9546414516325097      39
2.92385911508331      32
2.9968081121937598      55
2.979173404995337      48
2.908654555900629      54
2.928066356313585      34
2.9050161489467006      25
2.932662414885942      27
2.87629937191962      58
2.954928807352449      13
2.9305636264312835      35
2.861529186428454      54
2.932886877150328      41
2.9229986178614524      41
2.9135855980322343      33
2.9480013452100615      31
2.9268693500890377      26
2.8981366436614957      28
2.943548132724822      34
2.931689890815732      42
2.942461074652339      37
-------------------------------------

Local Beam Search:  Max Values and Steps, f1 , Step Size 0.2, Beam Size 16
Max Vals Mean = 1.99361158778
Max Vals Std = 0.00543363082617
Num of Steps Mean = 13.8
Num of Steps Std = 8.47584804017

1.9986182153352332      3
1.9992818435209934      12
1.9984315032262783      24
1.9992301694079733      14
1.9998500995252826      28
1.9970603567112257      13
1.9996857527409522      28
1.9909079960683629      5
1.9994877070481163      30
1.9847828369648752      14
1.9905716966426537      26
1.9999435795999432      11
1.998420492415707      19
1.9826093310965223      24
1.9938995846551726      12
1.995084558508443      12
1.9963443896022066      3
1.985212682518711      24
1.9988205591296166      29
1.9991755384221555      28
1.9916237856383598      7
1.9980121640652238      4
1.9954366302078705      6
1.9860799595627032      7
1.991080934154771      8
1.98602873655246      14
1.9938248975563289      28
1.9928615007338983      11
1.99946240603856      13
1.9975773908281904      10
1.999701643666371      6
1.9976260872630667      1
1.993155328079383      11
1.9880329360365603      16
1.9896108373642387      14
1.9899362738719797      27
1.9963585721437758      5
1.9942223876569232      12
1.9935775045679476      8
1.9894939006862522      26
1.9893316708930713      13
1.9972906588842885      7
1.9914844583655116      15
1.9914534023964006      5
1.9875345816789651      17
1.998175391045459      29
1.9978311657069265      14
1.9972128542453298      25
1.9811316395928529      4
1.9847786766917683      9
1.9994352033214668      12
1.9995187317553962      21
1.9933208829041291      20
1.9805930908846103      16
1.9972206404938748      3
1.9996427109767236      6
1.9954540867400563      13
1.9970455652547392      4
1.9796875104129885      8
1.9901975763337871      23
1.9961783014725647      7
1.9859033270032564      0
1.9914343016978853      8
1.9952983544072107      14
1.9962779492500973      1
1.9934795253808617      21
1.9988730000367252      3
1.9991011827362897      14
1.986528811151539      16
1.996481658811694      19
1.9943573815212385      28
1.98999476050398      18
1.9979118950825168      1
1.9803964748287117      7
1.9938002917751567      16
1.9920055965985863      14
1.9994896901915227      23
1.9837379508298385      15
1.9996548176550986      6
1.9988690971321186      24
1.999205812093996      23
1.9991997247428084      23
1.9837539238321602      15
1.9883933883588054      20
1.9984271509003593      5
1.9869681147156868      5
1.9986112610095987      30
1.999872460324188      13
1.9973118698920285      3
1.9927567244903348      6
1.9883546006247153      30
1.9839904352912106      5
1.9936477802578212      11
1.99473586653151      28
1.9979506465705374      6
1.9926475552401182      8
1.9939965255642242      1
1.992385712357803      17
1.9972105278794592      8
1.9925010610829665      11
  

Local Beam Search: Max Values and Steps, f2 , Step Size 0.2, Beam Size 16
Max Vals Mean = 2.92810363128
Max Vals Std = 0.0337150084894
Num of Steps Mean = 37.55
Num of Steps Std = 13.0179683515

2.97763128983995      40
2.8853110548770444      10
2.964275669093999      37
2.9724114735413947      27
2.975334177256758      54
2.8829730220536423      19
2.8931988836729396      36
2.9667573526896387      48
2.974829913650132      56
2.911176674620879      44
2.9611756850940045      24
2.9613976836022964      36
2.950301486707912      36
2.959814117172576      34
2.873114320842678      57
2.9493914735317537      36
2.944439198363458      9
2.9845453609556536      34
2.8904162039701498      27
2.968171519672567      55
2.987482433593949      55
2.9506047354801925      35
2.92584630786867      43
2.9790524652475954      38
2.944707262348449      29
2.9922378897742483      57
2.9661783890490048      56
2.965787089187253      57
2.900326043812359      35
2.956123128457384      27
2.9422459712265256      32
2.9240505449919354      32
2.934553451936719      24
2.8777774149720226      48
2.887157659838726      55
2.92424635885837      54
2.8858539774693943      27
2.9855341250773275      15
2.9000973085558184      46
2.949564810629795      17
2.8980202584570796      33
2.9497109745040704      56
2.9325913212450274      34
2.898233987044527      22
2.914620070800402      55
2.900058673915467      51
2.898037935859265      23
2.9544846088532335      56
2.9050175920677477      37
2.9045766488592877      20
2.9321958072367558      18
2.870211254059072      51
2.955867633395413      39
2.8707832667051054      53
2.957906432825193      30
2.9383112892285164      51
2.890209902740833      55
2.89653162016368      22
2.9812524171042183      10
2.8979332755510625      36
2.9171809978135106      22
2.91682776583263      34
2.95406669126682      28
2.9545143406332555      50
2.9129835126693235      59
2.9435263214197347      29
2.9729386195939878      25
2.8909909143011747      45
2.898027302904464      34
2.9710660109147353      34
2.930732884470829      33
2.905185808460347      45
2.908906180891586      53
2.9259989817766083      26
2.9248119028034565      53
2.9022260961885573      38
2.903757356928211      58
2.8893332308560833      41
2.9681226304702184      23
2.9006866193503598      32
2.927310372183219      41
2.952822436942408      22
2.8996085037526855      21
2.8955328125817417      51
2.9514391058492144      50
2.9074566997110995      41
2.8893074118327857      44
2.8745569276118195      35
2.9710492517075995      23
2.901974550812053      48
2.9160315777279417      42
2.9136990509578506      42
2.913273151326572      20
2.9253515152578533      45
2.889891787171188      27
2.9989557448809796      39
2.869180016997646      21
2.9318700270921942      46
2.9200826728092455      55
2.8964364415227863      27
-------------------------------------

-------------------------------------
-------------------------------------


