Hill Climbing: Max Values and Steps, f1 , Step Size 0.01
Max Vals Mean = 1.9999826678717116
Max Vals Std = 1.5000981845884203e-05
Num of Steps Mean = 258.75
Num of Steps Std = 166.9455824512886

1.9999930876108256      75
1.9999757484071297      198
1.9999918571697237      264
1.9999789902770515      71
1.9999782662979644      148
1.9999728993048196      127
1.999978390729974      109
1.9999865593553845      256
1.999983510695015      448
1.999959552516505      299
1.9999798143223064      366
1.9999700626995067      358
1.9999604921088294      465
1.9999873446064673      101
1.9999876882104153      609
1.9999739847146167      169
1.9999545481223004      500
1.9999863973419512      269
1.9999739890081227      112
1.999983662925727      256
1.9999987264849657      50
1.999974360427317      355
1.9999890698297245      296
1.9999826751099286      140
1.9999810485384644      346
1.999999185408324      306
1.9999872871541835      269
1.999992292946287      210
1.9999689516603016      145
1.9999654232835506      112
1.9999995836009536      550
1.999985358581397      425
1.9999893137547837      64
1.9999485310980223      141
1.9999972686198144      158
1.999996536427052      62
1.999993893363825      238
1.9999887998355015      325
1.9999888269198376      186
1.9999905910547446      119
1.9999996477177202      616
1.999951363047996      295
1.99994880407379      505
1.9999931358879226      405
1.9999960467667908      148
1.9999973996953737      130
1.9999870320947504      153
1.999982126713848      125
1.9999890240845453      247
1.999983357020831      260
1.9999924179885564      520
1.999999647044238      110
1.9999588600546834      176
1.9999844061881045      71
1.9999821655755556      109
1.999996758685396      284
1.9999990067049205      228
1.9999820821777856      64
1.9999994760263489      130
1.9999931220991498      114
1.9999921185397354      90
1.9999551371735829      99
1.9999966517430925      88
1.9999927128964807      214
1.9999876387156097      85
1.999963028136353      314
1.9999982677461003      370
1.9999854947703      303
1.9999625371003753      346
1.999978454104741      44
1.999974167339408      305
1.9999977651420147      134
1.999980044711212      480
1.9999983375205415      215
1.9999970489379404      95
1.9999534012171163      301
1.999997238440406      443
1.999999604547119      87
1.9999893404915978      572
1.9999999773327024      597
1.9999521659471826      325
1.9999979280487303      179
1.9999972916396531      616
1.999988442475071      480
1.9999685243086107      546
1.9999939005252947      119
1.999947557657388      491
1.9999591616914754      256
1.9999973375006532      574
1.999962407700477      50
1.9999956416509226      287
1.9999933142660642      624
1.9999933906744296      425
1.9999988320035507      617
1.9999866845638246      152
1.9999715673926044      50
1.9999625885211976      86
1.9999975779969268      156
1.9999624795583526      188
1.9999505762703937      85
  

Hill Climbing: Max Values and Steps, f2 , Step Size 0.01
Max Vals Mean = 2.996196939694454
Max Vals Std = 0.001608590085086108
Num of Steps Mean = 765.72
Num of Steps Std = 256.75058247256226

2.9983518496088895      559
2.996998789401763      726
2.994922930173738      363
2.998435240706245      946
2.9980971608036326      397
2.9980386925024165      471
2.9976325725030697      490
2.996068632817499      925
2.996262299467804      891
2.9944959495774937      1031
2.998879369189667      460
2.9979075995047455      383
2.996687646490045      830
2.995201482449848      630
2.9969620717185785      1196
2.995793614977285      964
2.9950609651725912      1183
2.999369337859097      797
2.996580324508837      685
2.9960202758679157      992
2.997125972468117      693
2.9940471864711498      605
2.9941374352171737      820
2.9968907403859006      916
2.9967600872203324      547
2.9935646402617833      760
2.994092465636287      1080
2.9971556990288635      860
2.9976468019231493      960
2.9958561835414934      698
2.9964241637286237      1019
2.9998657807921703      858
2.997167764214267      608
2.9949191884578537      457
2.996227095781581      684
2.9944783987829906      549
2.9946585223160005      742
2.995421393737037      352
2.996929413499231      298
2.994855034501459      1050
2.9967486058397634      921
2.996978470597715      985
2.9930207244862657      720
2.994705356320825      791
2.996255707758116      1102
2.9968197492029853      551
2.9953524309861708      487
2.9937471714560027      1094
2.99394376209931      772
2.9945497145847506      1133
2.9971358080715733      918
2.9931237275417737      959
2.994726378911618      865
2.9959363499904965      786
2.998944237590977      796
2.9973617406187443      968
2.996623958756686      768
2.9973741337639863      1182
2.9983405300543895      403
2.997935552076651      790
2.993432957459985      429
2.997169775221944      348
2.9969534262463595      870
2.998437890671175      337
2.9990695381419137      716
2.9972733705938825      660
2.994420298381487      261
2.9950612595719424      690
2.994332512210403      1095
2.9952531468436883      793
2.9949649640843807      448
2.996863430998511      400
2.998420375293475      410
2.9971088747611048      1183
2.9949424157077624      837
2.995087306227118      810
2.996112327021616      880
2.9980681836817435      561
2.9973672306377956      518
2.995490247787547      641
2.9963919830098087      374
2.9930356036833166      783
2.9959881005102478      844
2.993675318785659      1075
2.996033512555224      831
2.9966003988553234      1174
2.9957117844580914      794
2.996453702883404      359
2.994681908269392      278
2.995240466071863      913
2.996597352132133      1092
2.993672528687794      1110
2.997852329370111      892
2.9975044877456254      1183
2.998507409642628      1183
2.993763370200987      904
2.9948658339571503      1169
2.9982920692107786      651
2.994997382146722      583
2.998384011749904      1027
-------------------------------------

Hill Climbing: Max Values and Steps, f1 , Step Size 0.05
Max Vals Mean = 1.9995613270879218
Max Vals Std = 0.0003294947319420252
Num of Steps Mean = 57.95
Num of Steps Std = 34.906553825893496

1.999049161330534      109
1.9999378474335363      20
1.9999018237218733      53
1.999382179925611      43
1.9994225972251827      59
1.9995784343560428      55
1.9996766946130036      23
1.999742559001424      53
1.9997588698457767      48
1.999832448840292      100
1.9991325148327126      74
1.999258576090475      30
1.999228125417508      39
1.999985043580856      14
1.9991899326608045      18
1.9998133041339945      63
1.9992119377180275      39
1.9996547873963457      90
1.99921032436691      49
1.9999457521064958      125
1.9996426403510315      23
1.9994119317217725      113
1.9993873347543651      40
1.9996225924064737      44
1.9999048740795564      23
1.9996763109590425      71
1.999851237752437      25
1.9989667066909866      26
1.9994275834606474      101
1.9999389290426035      100
1.9994487604266649      86
1.9998392523171802      23
1.9999302390295908      23
1.9999781713734255      41
1.9997435041919454      29
1.9991695402694836      19
1.999402517977455      114
1.9993055548330692      27
1.9998637261024126      81
1.999618799282576      109
1.99956230410519      114
1.9995042637512788      34
1.9997664095456134      33
1.9989631538983232      21
1.9994215885163555      23
1.9991671897786114      64
1.999875319829354      53
1.9993608165613463      104
1.999887258338073      111
1.9997393146073306      116
1.9996549139594988      40
1.9996314731384133      24
1.9998340966342418      4
1.999678231077949      67
1.999450489673079      116
1.9989152621526012      121
1.9999707664879112      41
1.999668906350669      22
1.9998561639511194      61
1.9997471510822282      59
1.9998112836299553      13
1.9993387994653156      99
1.9996977667974871      57
1.9999465808379657      17
1.9993479842180437      87
1.9998338342428066      35
1.999129126776861      26
1.99994757857574      56
1.9999412969807615      81
1.9996477088326556      120
1.9989827343871345      122
1.9999234915150583      102
1.999983051437862      55
1.9994439410373297      26
1.9998602811129367      67
1.9999779760511838      51
1.9987571939850517      103
1.9993369766548303      113
1.9995973854165832      99
1.9999220809077942      20
1.9995928995725532      51
1.9999131626291926      11
1.9987882314794945      69
1.9991079224269717      68
1.9993028254214233      64
1.9991857389087975      44
1.999737115407863      13
1.9996661271834173      92
1.9996321020225782      35
1.9993237900137566      112
1.999552250077834      9
1.999459769057071      57
1.9998200456413173      44
1.9987938587379763      19
1.9999619016810524      29
1.9999406683277021      36
1.998713048789201      5
1.9993237373045392      126
1.9993935028193646      62
1.9997987433674167      50
  

Hill Climbing: Max Values and Steps, f2 , Step Size 0.05
Max Vals Mean = 2.9822831575303734
Max Vals Std = 0.00828210341167628
Num of Steps Mean = 147.9
Num of Steps Std = 51.59215056575952

2.9828409931645856      152
2.975661644715461      232
2.9949540431996087      84
2.9855503892271646      157
2.9920952201653335      101
2.9835435009865554      49
2.9743708149454973      56
2.9765949468324266      131
2.995944904556038      203
2.999414585550867      172
2.980684706493614      203
2.981720706813153      212
2.979982335524035      129
2.9698976213904924      227
2.9980127045443172      202
2.9853153503694703      149
2.9759158797275473      203
2.975399720771164      96
2.98426838647128      224
2.9784545187500884      214
2.9857104589884105      171
2.980735269041978      175
2.9884791354109255      106
2.966503805990811      170
2.9726597674344397      153
2.9700593703704445      102
2.991188765500054      159
2.9928652013018278      217
2.9920946456310964      87
2.994655594050767      86
2.975175768965707      65
2.9923071894304862      158
2.9735787321392673      157
2.9842491986951365      197
2.9913065761949476      166
2.9859799263760087      157
2.989203459584143      197
2.98654806867388      218
2.989091807804667      147
2.9759753322681086      177
2.969566282876939      171
2.9792157132927697      211
2.9670274022496974      220
2.9856734030016945      116
2.96600358171201      124
2.973679002305973      184
2.99087517169723      125
2.9860984224540994      158
2.9760201496924945      134
2.97625899745014      98
2.96632990253611      75
2.9850860557607493      188
2.973839670410557      176
2.9742102563894326      162
2.9868152024723864      158
2.996866758192314      55
2.9839227003315734      76
2.9789308706818716      60
2.988265806179397      130
2.983275576362363      113
2.9919206868578114      126
2.968047063634021      44
2.9731836728246566      186
2.9946379232045115      81
2.989754386489351      132
2.973070090608324      210
2.9768890863057296      91
2.9798179494490435      102
2.982030061953828      181
2.9844526246351384      174
2.98584844044435      212
2.9902103639448496      84
2.9829443306480976      152
2.978810118836784      225
2.9865257941966514      145
2.978224440783709      145
2.9766497131482983      180
2.966373969795643      66
2.972776061414727      134
2.9940581483710313      137
2.9828608801015286      139
2.9797586414132913      146
2.9790541709211382      122
2.9671769322434085      82
2.993845048326212      180
2.9880061283655843      235
2.9957092228321374      112
2.9742094913097974      123
2.9875185175873025      233
2.979492291689062      71
2.981413378920687      174
2.9846724173996493      229
2.987799468960148      98
2.987005231464414      152
2.9733391714419835      139
2.9805297591747415      60
2.9848430726972706      228
2.994658082313389      240
2.9860866175173184      97
2.977160326710092      128
-------------------------------------

Hill Climbing: Max Values and Steps, f1 , Step Size 0.1
Max Vals Mean = 1.9981502082615163
Max Vals Std = 0.00153905766515908
Num of Steps Mean = 30.16
Num of Steps Std = 19.115815441670282

1.9983484446631419      5
1.9983082944550103      55
1.997576779480101      46
1.99787598672977      9
1.999355389065181      14
1.9959013762878421      12
1.9962486044888537      30
1.9993028072668109      14
1.9993483961524414      24
1.9964193211535957      16
1.9999576604940452      33
1.9955567653841042      20
1.9977597677031576      17
1.9993872360173186      24
1.9996989669102376      33
1.9988277351009356      15
1.9969927434598973      11
1.9997085384151818      52
1.9999007576522714      30
1.9999741559913171      45
1.998849337640312      59
1.9999525758102692      49
1.9958263541825316      19
1.9970240825692571      2
1.9988607873164437      54
1.9969242521641872      45
1.9967274845493463      3
1.9996585077021443      30
1.9996630661568893      43
1.9990647776991235      10
1.9995771191349232      47
1.9995298295584507      42
1.9971670582134369      6
1.9966683667932694      43
1.9961600777839326      6
1.9993021940020166      18
1.9987907332356976      58
1.9988019422182948      27
1.9997077215779688      60
1.9986852809235802      57
1.9992786313713427      8
1.9986041684412506      19
1.994956121578646      8
1.999828842500087      10
1.996527450466505      14
1.9952974590057846      32
1.9996645048663249      27
1.9994753297751044      9
1.9953145632736198      59
1.9983910999896655      15
1.999197999306702      61
1.9997371299602225      59
1.9996135318540507      10
1.996244883200732      8
1.997866715469585      57
1.9994340290165338      20
1.999790076974905      60
1.997856479939701      6
1.9962918536162189      21
1.9955359167017694      59
1.9977483053876322      12
1.998666543067743      48
1.9981246895712026      28
1.998747343475376      58
1.9986238045806577      25
1.995601475027887      8
1.9998420534769363      16
1.9995071160363238      61
1.9980279659170912      53
1.998993382930089      38
1.9991439859249278      37
1.9956666515925332      16
1.9995829189290593      46
1.9998642336585222      31
1.9979983889391235      59
1.9998617070145823      48
1.998369438293767      14
1.9998686562724004      60
1.9967647822593864      14
1.99584420432288      51
1.9979313941841792      61
1.9992607282197286      25
1.9993994519827223      57
1.9997706808002662      2
1.9996181944821432      10
1.9998794673425815      15
1.9980880746208276      12
1.9951419385079632      50
1.9959142892856727      22
1.998555177301854      20
1.9988038765020155      15
1.995518464530972      10
1.996758482833449      22
1.9951194414204942      10
1.9984593321156214      25
1.9957029228320766      41
1.9953864045290761      56
1.9999035552082618      57
1.9982649925853861      26
1.9983982467761612      12
  

Hill Climbing: Max Values and Steps, f2 , Step Size 0.1
Max Vals Mean = 2.9640322976036493
Max Vals Std = 0.01612094093067947
Num of Steps Mean = 74.14
Num of Steps Std = 25.756172075834563

2.973900596338492      87
2.988056807428445      88
2.9810362113903968      118
2.9453935734708043      72
2.938117571244388      106
2.955071991550504      73
2.9664382132340084      58
2.9835823412558806      110
2.9711031031502944      52
2.9559082561690517      80
2.9428597155721157      58
2.960013451899855      105
2.972313502512554      109
2.951658205261679      100
2.9618389488723595      69
2.9628001370254404      20
2.9441721274786454      76
2.9890299653034056      84
2.982597814013488      61
2.9561658019669834      91
2.994229679490077      48
2.9312029731711675      45
2.952018122562353      98
2.9330979741832506      101
2.962756458572414      99
2.9824535866610753      56
2.954966442928134      108
2.960561830930245      72
2.943519921864445      56
2.9758813834298072      96
2.994097316801822      66
2.940185960793366      58
2.9610377157375996      67
2.955470151241852      58
2.9933938840669154      87
2.963649127162228      89
2.9506092897286798      106
2.9779252652089165      114
2.950803012725205      61
2.959572732683914      64
2.9855247161921143      22
2.962703559179282      44
2.9568448138020798      111
2.9488035664466725      59
2.943977849689096      109
2.9511193130868474      66
2.9502876705312397      33
2.95561977491318      82
2.97217792733735      21
2.9601530983457875      96
2.9719969895308105      86
2.948960763311411      69
2.97385954530139      119
2.9546170744966904      36
2.9742046657119614      69
2.970756441600192      90
2.968536249514452      42
2.973795305585331      91
2.988030075782836      44
2.9402425029864743      53
2.9686344078269613      42
2.9633858656773255      84
2.9801371376246584      60
2.9731788855113375      58
2.9895357179213966      55
2.99124860463683      24
2.9667717034925083      86
2.954354626441723      107
2.9565828623333674      57
2.9867831419888144      50
2.953142261872182      110
2.9857336800410064      54
2.9498974431539446      115
2.944833986128822      79
2.989194011543787      93
2.9929038780412482      100
2.9601935615562787      85
2.9579314800209464      66
2.9808678673050446      79
2.9873542220847584      66
2.969977233942182      45
2.952429107092681      83
2.968356386643155      49
2.9840656287804674      111
2.928411262584067      31
2.943584089726122      100
2.9824812474914513      93
2.9548585080690386      84
2.9680858540195825      101
2.9469348417281593      54
2.9733679749499577      45
2.9630859220080725      69
2.94895879249475      52
2.9764297406415503      119
2.9491485411337126      89
2.9730065131811516      88
2.960040770552858      68
2.9333720537649466      32
2.962458684999355      96
2.9598081929311553      27
-------------------------------------

Hill Climbing: Max Values and Steps, f1 , Step Size 0.2
Max Vals Mean = 1.9936011019230013
Max Vals Std = 0.006045561175013421
Num of Steps Mean = 14.18
Num of Steps Std = 8.74

1.9943593083755813      7
1.9999661696314404      30
1.9996778216321927      22
1.9994339714918121      15
1.9929322660266107      30
1.9955574693679032      6
1.999247996835615      30
1.9990243036104047      15
1.994538574490703      16
1.999879585803733      11
1.9806451087657608      10
1.9989826318019768      18
1.9984058421415956      17
1.9970999561644942      8
1.9969007268693424      25
1.9882465683446844      2
1.9889036797226831      27
1.999632999392007      11
1.9835938531474415      9
1.9979977529897455      12
1.9999210644505894      30
1.9991867459136743      10
1.9865608936695431      1
1.9977387452008597      7
1.9907499619850477      18
1.986994430926718      4
1.9949923247433108      8
1.9948688201434412      5
1.9989868937203052      2
1.9938571595839527      9
1.9988178463360715      28
1.9990466631041723      9
1.990462425976786      6
1.9862093231750968      14
1.999524842042636      7
1.9999007239555486      7
1.9997648171993727      7
1.9978997008195796      4
1.9843322118831912      21
1.988392283234561      28
1.9842890016024022      12
1.9996739087387825      15
1.9991822867647957      14
1.9921808206270268      18
1.9957376312393578      9
1.984393209775397      20
1.99622918832954      31
1.999199039348532      11
1.9997307490436236      3
1.997580873129966      6
1.9795179169302444      10
1.9998920899875585      1
1.997692854148667      18
1.9947992015634675      31
1.988343529655701      8
1.999633825834589      6
1.9979018177392995      29
1.9942492653812978      30
1.999342228362571      20
1.9941967556716405      12
1.9993816777085354      6
1.9830555756842072      31
1.9948765362470937      10
1.9981019217344378      21
1.9834103555052605      15
1.9913693410075843      9
1.9882190186669604      5
1.982877635828344      29
1.9941099784239191      15
1.9971652242038611      12
1.9915441745094336      23
1.9994136559331723      28
1.9803401594134105      13
1.9841298743462823      27
1.985365506855123      12
1.9977819401420862      21
1.9918588257619099      6
1.9986668936067042      1
1.9948477668198636      11
1.9846192324740204      22
1.9990257544175312      8
1.9927074471978399      11
1.992945114708486      11
1.9935781497714282      8
1.986224075602178      22
1.9995985830646936      7
1.9988506744485428      4
1.9903894208013664      2
1.9830625185231177      21
1.9945461822941633      17
1.9998012880616605      15
1.9965460318554276      7
1.9870858052570641      14
1.9981480917876504      5
1.9995846974855276      7
1.9829295339090762      31
1.981429943938424      24
1.9870535508735792      6
1.9900695262029457      22
1.9983978486825849      9
  

Hill Climbing: Max Values and Steps, f2 , Step Size 0.2
Max Vals Mean = 2.9277022317351578
Max Vals Std = 0.031222771678639075
Num of Steps Mean = 38.32
Num of Steps Std = 12.468263712321777

2.939734976479879      44
2.9120631698012938      56
2.923349247494737      21
2.930665871753614      23
2.9701792982073525      19
2.9651077292900956      50
2.8975308876969548      40
2.8977642560758694      37
2.9436027691552216      47
2.949109699894926      47
2.9223171043103973      23
2.906342128957751      30
2.8962521619091905      46
2.952934331032612      24
2.904723711959027      47
2.967409818673641      52
2.8706239138127705      48
2.9443173049064417      37
2.984789379435264      59
2.9123296689353815      24
2.9345610212082134      59
2.8772444361873535      49
2.934072751352745      23
2.9425954872657583      12
2.958785556947907      48
2.9149830060200745      50
2.902159149814959      23
2.8828951470706174      36
2.9687057054033663      18
2.96313523508623      34
2.874880403619906      12
2.931797127507733      45
2.9352121640591724      49
2.904107371827319      58
2.89100081660294      51
2.8982266489590027      43
2.9375049277491896      52
2.987626166764354      21
2.9536384943901925      57
2.9459776706319927      39
2.980147038111928      19
2.948786466599951      43
2.958729896475128      26
2.9422876530491395      50
2.9037402621854267      24
2.9131941734565534      36
2.9462385462171836      45
2.9238425806659016      16
2.9588204131689313      32
2.89212144778499      56
2.913191528090258      55
2.9801310061995423      41
2.9505336007266045      44
2.950641351364713      37
2.976850853706887      58
2.9680946914891946      38
2.9221482362732267      18
2.967360957162116      57
2.901782632691309      38
2.9409948432363864      49
2.946447935762543      47
2.886471480538578      48
2.9308618200184373      38
2.959931308162533      39
2.892380455688846      46
2.903217297371313      54
2.8732326874425063      42
2.9302274893558753      29
2.940633399065315      53
2.9304112803233466      38
2.92059347412376      23
2.9411830534581425      52
2.89953859460247      25
2.866510112045561      25
2.935013894321717      37
2.95738146384339      54
2.9758744105956403      32
2.9700338702164997      53
2.870028185256835      26
2.873356485701321      46
2.8922749002517487      22
2.8745338807450116      43
2.8931628441300408      39
2.9209005034599924      45
2.9484142187862914      26
2.9521284877130523      29
2.8732974016522874      30
2.9511375600185445      45
2.9412355811174393      25
2.885541120478811      32
2.9179152959430517      16
2.867092703068435      27
2.9510288802716937      30
2.948163209271184      29
2.941472038458927      54
2.9019740039398667      29
2.926194912165184      42
2.9333818289580766      35
2.944748127335303      46
2.9324020809493456      46
-------------------------------------

